timestamp,ax,ay,az,gx,gy,gz
27218.82,7.05092,-6.08845,1.74777,24.7192,-5.79834,-4.82178
27218.825,7.13951,-6.20338,1.77889,26.6724,-5.98145,-4.88281
27218.83,7.20894,-6.32069,1.82438,28.0151,-6.16455,-5.00488
27218.835,7.28795,-6.45477,1.89142,28.9307,-6.10352,-4.82178
27218.84,7.33583,-6.59363,1.89621,29.48,-6.04248,-4.63867
27218.845,7.35978,-6.70376,1.92494,29.8462,-6.16455,-4.45557
27218.85,7.3502,-6.78996,1.92733,29.6631,-6.04248,-4.15039
27218.855,7.32147,-6.88812,1.96085,29.6021,-5.7373,-3.72314
27218.86,7.30232,-6.99346,1.98,29.2358,-5.43213,-3.23486
27218.865,7.24725,-7.04614,2.00874,28.5034,-5.00488,-2.86865
27218.87,7.23049,-7.13233,1.99198,27.771,-4.57764,-2.31934
27218.875,7.19218,-7.21852,1.97043,26.9775,-3.96729,-1.83105
27218.88,7.13951,-7.26161,1.99437,26.2451,-3.2959,-1.40381
27218.885,7.08444,-7.34062,2.0231,25.5127,-2.62451,-1.09863
27218.89,7.00543,-7.36935,2.05183,24.5972,-1.64795,-0.732422
27218.895,6.95516,-7.36935,2.0662,23.6816,-0.793457,-0.549316
27218.9,6.925105634617452,-7.365754551559662,2.074900588980223,22.745925093416915,0.106751093003312,-0.5522447920310077
27218.905,6.904699162195378,-7.36044931821182,2.0797451928359,21.75378764487867,1.086877292735573,-0.6846370051994835
27218.91,6.888784872446665,-7.351913809078826,2.0785635022045024,20.686277648752,2.0868701468160924,-0.901014222473652
27218.915,6.872207055142052,-7.338627533304642,2.069185207720278,19.52448510241916,3.0466782000409878,-1.1558980263583332
27218.92,6.84981,-7.31907,2.04944,18.2495,3.90625,-1.40381
27218.925,6.82826,-7.29034,2.0231,16.8457,4.63867,-1.64795
27218.93,6.84263,-7.25443,2.00634,15.3809,5.37109,-2.01416
27218.935,6.86178,-7.23288,1.97282,14.0381,6.22559,-2.38037
27218.94,6.85939,-7.19458,1.91297,12.5122,6.89697,-2.68555
27218.945,6.8953,-7.16106,1.90818,10.8643,7.32422,-3.23486
27218.95,6.91206,-7.13951,1.87945,9.33838,7.93457,-3.54004
27218.955,6.93121,-7.10599,1.87705,7.75146,8.42285,-3.72314
27218.96,6.95994,-7.07487,1.83875,6.40869,8.78906,-4.15039
27218.965,6.9791,-7.04853,1.87227,5.06592,9.21631,-4.3335
27218.97,6.9767,-7.01262,1.8579,3.96729,9.52148,-4.5166
27218.975,6.98149,-6.96952,1.84832,2.86865,9.58252,-4.76074
27218.98,6.98867,-6.95276,1.84593,2.01416,9.64355,-4.82178
27218.985,6.99346,-6.96473,1.84114,1.34277,9.94873,-4.94385
27218.99,7.01262,-6.9384,1.8148,1.0376,10.0708,-5.00488
27218.995,7.02459,-6.936,1.79086,0.732422,10.0098,-5.06592
27219.0,7.01262,-6.90727,1.76932,0.427246,10.0098,-4.94385
27219.005,6.9791,-6.88333,1.75016,0.12207,9.82666,-5.00488
27219.01,6.93361,-6.86657,1.75016,-0.12207,9.46045,-4.94385
27219.015,6.97192,-6.87615,1.72143,-0.427246,9.46045,-4.63867
27219.02,7.02990543686501,-6.8904797184670805,1.6879115185361209,-0.7443796228627833,9.54850816026,-4.299537450763989
27219.025,7.083740919403642,-6.902264859433458,1.6595749981359662,-1.050037990225962,9.613004747642272,-3.9827185615765126
27219.03,7.133520518272302,-6.911606606832178,1.636172859319353,-1.3439851797506432,9.654950858196347,-3.687240099657509
27219.035,7.17933830400845,-6.918606144569711,1.6174575226696553,-1.6259852684264022,9.675357587823148,-3.4121288329258728
27219.04,7.221288347190208,-6.923364656562009,1.6031814087477745,-1.8958023334694103,9.67523603247896,-3.156411529061986
27219.045,7.259464718369272,-6.925983326723879,1.5930969381204838,-2.153200451913136,9.65559728814122,-2.9191149559124185
27219.05,7.293961488179265,-6.926563338975025,1.586956531334161,-2.3979437013484555,9.61745245073703,-2.6992658808128294
27219.055,7.324872727169179,-6.925205877228738,1.5845126089585395,-2.6297961587997176,9.561812616229997,-2.4958910716228377
27219.06,7.35229250591713,-6.922012125400967,1.5855175915545208,-2.8485219014830934,9.489688880576406,-2.308017296022824
27219.065,7.376314894984981,-6.917083267411863,1.58972389967884,-3.0538850064702525,9.40209233980167,-2.1346713218142432
27219.07,7.397033964985757,-6.91052048717015,1.596883953898671,-3.2456495512763546,9.300034089733998,-1.974879916425816
27219.075,7.414543786478882,-6.902424968594751,1.606750174772989,-3.423579612963261,9.184525226387912,-1.8276698476692157
27219.08,7.428938430033111,-6.89289789560905,1.619074982852893,-3.5874392686330983,9.056576845817077,-1.692067883319497
27219.085,7.440311966247465,-6.882040452115078,1.63361079871737,-3.736992595740628,8.917200043790984,-1.5671007908603052
27219.09,7.44875846568847,-6.869953822035215,1.650110042919218,-3.872003671377653,8.767405916354614,-1.451795338074788
27219.095,7.454371998934253,-6.856739189285418,1.668325136019339,-3.992236572760347,8.608205559464263,-1.345178292643326
27219.1,7.457246636561819,-6.842497737792352,1.688008498563838,-4.097455377033844,8.440610069200972,-1.2462764223156884
27219.105,7.457476449153417,-6.827330651451191,1.7089125511424097,-4.187424161567575,8.265630541276533,-1.154116494628925
27219.11,7.4551555072841,-6.81133911418789,1.7307897143021385,-4.261907003495665,8.08427807176625,-1.0677252773380652
27219.115,7.450377881531988,-6.7946243099184045,1.7533924086039252,-4.320667980034287,7.897563756626416,-0.986129538123489
27219.12,7.443237642481241,-6.777287422571509,1.7764730545917644,-4.363471168374334,7.706498691953677,-0.90835604472101
27219.125,7.433828860699533,-6.759429636037867,1.799784072860294,-4.390080645794407,7.512093973425678,-0.8334315646984225
27219.13,7.422245606769339,-6.741152134245838,1.8230778839537665,-4.400260489473704,7.315360697136266,-0.7603828657939675
27219.135,7.408581951268783,-6.722556101111378,1.8461069084330832,-4.393774776628396,7.117309959041736,-0.6882367156880251
27219.14,7.392931964788075,-6.703742720564184,1.868623566843008,-4.37038758449788,6.918952855242567,-0.6160198821137817
27219.145,7.375389717882509,-6.684813176492775,1.8903802797773592,-4.329862990264437,6.721300481405792,-0.5427591326471181
27219.15,7.356049281140887,-6.665868652826731,1.9111294677804391,-4.271965071155083,6.525363933632037,-0.4674812350208155
27219.155,7.3350047251572414,-6.64701033349567,1.9306235513994807,-4.1964579044473895,6.332154308016935,-0.3892129569735259
27219.16,7.312350120479016,-6.628339402388047,1.948614951223905,-4.1031055672477965,6.142682700235007,-0.306981066072324
27219.165,7.288179537699039,-6.609957043433581,1.9648560877999408,-3.991672136820981,5.957960206384239,-0.2198123300533314
27219.17,7.262587047395437,-6.591964440548232,1.9790993816884912,-3.8619216903831175,5.778997922420924,-0.1267335165969291
27219.175,7.235666720166379,-6.574462777660484,1.991097253442604,-3.713618305265088,5.606806944423929,-0.0267713934589687
27219.18,7.20751262655076,-6.557553238660763,2.0006021236407903,-3.5465260584674,5.442398368098363,0.0810472718250432
27219.185,7.17821883714582,-6.541337007477953,2.007366412834375,-3.3604090273073526,5.286783289528388,0.1976957115046169
27219.19,7.147879422529684,-6.525915268028009,2.0111425415842588,-3.15503128900112,5.140972804670296,0.3241471578993719
27219.195,7.1165884533035655,-6.511389204237106,2.011682930452188,-2.930156920935642,5.005978009574422,0.4613748432249255
27219.2,7.08444,-6.49786,2.00874,-2.68555,4.88281,0.610352
27219.205,7.06768,-6.49068,2.00395,-2.50244,4.76074,0.732422
27219.21,7.1012,-6.49547,2.00395,-2.56348,4.63867,0.732422
27219.215,7.09641,-6.46674,2.00874,-2.44141,4.63867,0.793457
27219.22,7.081240951077259,-6.4334574518761,2.0209526569384524,-2.247184196944584,4.621875343760168,0.8677676303071307
27219.225,7.070344779055797,-6.40662221515011,2.039632900684917,-2.046763822330476,4.5511187681897445,0.9284121789081552
27219.23,7.064000149064248,-6.386096548395536,2.062524457004863,-1.8432685045378625,4.437520642277328,0.9761921490718308
27219.235,7.0624857262567815,-6.371742710246697,2.0873710516236943,-1.63981787238442,4.292201335154422,1.011909043930152
27219.24,7.0660801757735126,-6.363422959319954,2.111916410261127,-1.4395315546876977,4.126281216044853,1.0363643666502218
27219.245,7.075062162764164,-6.360999554215754,2.1339042586911656,-1.2455291798280756,3.950880653798737,1.0503596204481354
27219.25,7.089710352372664,-6.364334753554793,2.1510783226324826,-1.060930376626538,3.777120017628955,1.0546963084830925
27219.255,7.110303409726457,-6.373290815941013,2.1611823278177646,-0.8888547738767019,3.616119676743618,1.0501759339424042
27219.26,7.13712,-6.38773,2.16196,-0.732422,3.479,1.0376
27219.265,7.16106,-6.3997,2.15957,-0.610352,3.41797,1.0376
27219.27,7.14909,-6.39731,2.18112,-0.488281,3.479,1.0376
27219.275,7.12275,-6.41885,2.21224,-0.183105,3.35693,0.854492
27219.28,7.12754,-6.38773,2.21942,-0.183105,3.479,0.915527
27219.285,7.12754,-6.38055,2.18351,0.0,3.54004,0.854492
27219.29,7.12754,-6.37336,2.21464,0.0610352,3.2959,0.793457
27219.295,7.1036,-6.38294,2.21703,0.0,3.35693,0.854492
27219.3,7.0771146798022615,-6.399246492188907,2.20758102752244,-0.0668997925444831,3.517175541916541,0.9487492103898396
27219.305,7.055659353300942,-6.417262863933286,2.199827870697287,-0.117986114665294,3.674980026065828,1.047956972867669
27219.31,7.038973662160726,-6.436806298985844,2.193707828052456,-0.1536812366987961,3.830048594163834,1.1513634552942138
27219.315,7.026797248094771,-6.45769398106045,2.1891581981333537,-0.1744074288643962,3.982086387580975,1.258216825314905
27219.32,7.018869752798826,-6.479743093883479,2.1861162794791382,-0.1805869614243734,4.130798547803409,1.3677652506456466
27219.325,7.014930817970121,-6.502770821164246,2.184519370629618,-0.172642104651823,4.2758902162131145,1.479256898920697
27219.33,7.0147200852988245,-6.526594346662742,2.184304770121664,-0.1509951287972068,4.417066534507563,1.5919399380186572
27219.335,7.017977196484976,-6.551030854088931,2.1854097764961145,-0.116068304123497,4.55403264406599,1.705062535574927
27219.34,7.02444179322432,-6.575897527169183,2.187771688292125,-0.0682839008929725,4.686493686374555,1.8178728593054088
27219.345,7.033853517204749,-6.601011549611562,2.1913278040458475,-0.0080641894161495,4.814154802828346,1.9296190768452728
27219.35,7.045952010135866,-6.6261901051791,2.1960154223016515,0.0641685601325806,4.936721135099472,2.039549356073488
27219.355,7.060476913707613,-6.651250377579968,2.2017718415965346,0.1479920774515959,5.053897824579423,2.146911864624175
27219.36,7.077167869615737,-6.676009550540544,2.208534360469653,0.2429840922786176,5.165390012754355,2.2509547702132378
27219.365,7.0957645195418255,-6.700284807769766,2.2162402774542294,0.3487223342706252,5.270902841035903,2.3509262404855056
27219.37,7.116006505208849,-6.723893333029442,2.224826891100673,0.464784533319465,5.370141451063946,2.446074443302816
27219.375,7.137633468299683,-6.746652310028092,2.234231499942869,0.5907484190897815,5.462810984245655,2.5356475463067603
27219.38,7.160385050493178,-6.768378922476703,2.244391402512324,0.7261917212174019,5.548616582007328,2.6188937171551574
27219.385,7.18400089351835,-6.788890354133383,2.255243897363018,0.8706921696373995,5.627263385960165,2.6950611236855075
27219.39,7.208220639054769,-6.808003788708301,2.266726283026982,1.0238274939923446,5.698456537525359,2.763397933550751
27219.395,7.232783928798184,-6.825536409927833,2.2787758580433737,1.185175424019958,5.761901178189065,2.823152314466792
27219.4,7.257430404426443,-6.841305401507567,2.2913299209420472,1.3543136893321646,5.81730244940013,2.873572434116426
27219.405,7.281899707671321,-6.855127947196944,2.304325770280468,1.5308200199130717,5.86436549272551,2.913906460289386
27219.41,7.305931480210628,-6.866821230710201,2.317700704588833,1.714272145380117,5.902795449608092,2.9434025606614025
27219.415,7.329265363740113,-6.876202435773712,2.3313920224063005,1.9042477954710229,5.9322974615340325,2.961308902948379
27219.42,7.35164099993966,-6.8830887461098005,2.345337022261804,2.1003246997787284,5.952576669978159,2.966873654866843
27219.425,7.372798030537734,-6.887297345454974,2.3594730027148323,2.30208058832654,5.963338216456322,2.959344984141253
27219.43,7.392476097213422,-6.888645417529669,2.37373726229448,2.509093190711682,5.964287242436527,2.937971058478881
27219.435,7.410414841662474,-6.886950146060264,2.3880670995399047,2.720940236671876,5.9551288894049375,2.902000045595633
27219.44,7.42635390556983,-6.882028714777933,2.4023998129798496,2.937199455785992,5.935568298865796,2.850680113250519
27219.445,7.440032930654592,-6.873698307402004,2.4166727011743663,3.1574485781067025,5.905310612276974,2.783259429085217
27219.45,7.451191558600152,-6.861776107661237,2.430823062652178,3.381265333215937,5.864060971135043,2.6989861608472974
27219.455,7.45956943109724,-6.846079299294852,2.4447881959423627,3.608227450685236,5.811524516968562,2.5971084763333763
27219.46,7.46490618985395,-6.826425066006491,2.458505399604438,3.837912660582852,5.747406391187419,2.476874543111562
27219.465,7.466941476558893,-6.802630591532559,2.471911972167325,4.069898692482459,5.671411735311851,2.3375325289653883
27219.47,7.465414932907818,-6.774513059599432,2.4849452121701807,4.303763276121781,5.583245690828019,2.17833060161076
27219.475,7.460066200601819,-6.741889653958909,2.497542418143171,4.539084141066892,5.482613399299905,1.998516928902093
27219.48,7.450634921329019,-6.704577558290003,2.5096408886438226,4.775439017398208,5.369220002067408,1.7973396782940834
27219.485,7.436860736787636,-6.662393956341168,2.521177922201961,5.012405634682708,5.242770640685331,1.5740470176258774
27219.49,7.418483288673418,-6.61515603183878,2.5320908173567425,5.249561722658111,5.1029704566398335,1.3278871146133795
27219.495,7.395242218700854,-6.562680968549347,2.542316872640149,5.486485010889947,4.949524591533756,1.0581081371775578
27219.5,7.366877168532035,-6.504785950122997,2.5517933866062585,5.722753229460957,4.7821381866301405,0.7639582526421929
27219.505,7.333127779877817,-6.441288160322358,2.560457657786529,5.957944107936344,4.600516383521792,0.4446856289107939
27219.51,7.293733694433947,-6.37200478287381,2.5682469847201173,6.191635376053829,4.404364323694868,0.0995384336992656
27219.515,7.248434553931346,-6.296753001560696,2.575098665941552,6.4234047633832985,4.193387148794495,-0.2722351649961183
27219.52,7.19697,-6.21535,2.58095,6.65283,3.96729,-0.671387
27219.525,7.16345,-6.16028,2.60489,6.83594,3.84521,-0.976562
27219.53,7.21134,-6.21535,2.67193,6.89697,4.15039,-0.854492
27219.535,7.23767,-6.2369,2.63841,7.14111,4.39453,-0.793457
27219.54,7.24246,-6.22492,2.60968,7.44629,4.45557,-0.854492
27219.545,7.24007,-6.22253,2.56419,7.56836,4.39453,-0.793457
27219.55,7.22809,-6.26802,2.50194,7.44629,4.39453,-0.671387
27219.555,7.22091,-6.28717,2.46842,7.62939,4.27246,-0.671387
27219.56,7.21373,-6.28478,2.46603,7.69043,4.3335,-0.427246
27219.565,7.21852,-6.27281,2.45885,7.8125,4.21143,-0.12207
27219.57,7.22331,-6.25126,2.47082,7.87354,4.02832,0.244141
27219.575,7.21134,-6.22014,2.48279,7.8125,3.84521,0.549316
27219.58,7.20415,-6.20338,2.50673,7.87354,3.60107,0.732422
27219.585,7.17063,-6.18183,2.49955,8.05664,3.54004,0.915527
27219.59,7.15148,-6.17943,2.49715,8.23975,3.35693,1.09863
27219.595,7.15627,-6.19619,2.52588,8.54492,3.17383,1.15967
27219.6,7.15387,-6.20098,2.54025,9.09424,2.92969,1.15967
27219.605,7.1443,-6.22253,2.57137,9.39941,2.74658,1.28174
27219.61,7.12275,-6.26323,2.60729,9.76562,2.56348,1.2207
27219.615,7.09163,-6.2345,2.59292,9.8877,2.38037,1.15967
27219.62,7.16585,-6.32069,2.63841,10.0708,2.2583,1.2207
27219.625,7.17782,-6.34224,2.60729,10.376,2.19727,1.15967
27219.63,7.12993,-6.32548,2.6001,10.6201,2.19727,1.15967
27219.635,7.12754,-6.34942,2.60729,10.376,1.83105,1.15967
27219.64,7.09402,-6.34463,2.59771,10.0708,1.70898,1.2207
27219.645,7.12036,-6.33985,2.62165,9.58252,0.976562,1.15967
27219.65,7.13472,-6.43561,2.59771,9.64355,1.34277,1.2207
27219.655,7.15627,-6.41167,2.65996,9.76562,1.2207,1.40381
27219.66,7.15387,-6.39491,2.71502,9.46045,1.40381,1.52588
27219.665,7.13712,-6.38773,2.72939,9.21631,1.28174,1.64795
27219.67,7.13233,-6.35661,2.77249,8.78906,1.2207,1.58691
27219.675,7.17782,-6.40688,2.79882,8.66699,1.34277,1.77002
27219.68,7.16824,-6.39252,2.82995,8.72803,1.46484,2.0752
27219.685,7.09881,-6.32309,2.80122,8.60596,1.09863,2.0752
27219.69,7.15627,-6.32787,2.85149,8.36182,0.976562,2.2583
27219.695,7.1826,-6.33985,2.85628,8.36182,1.15967,2.38037
27219.7,7.11317,-6.32069,2.85389,8.8501,1.0376,2.56348
27219.705,7.1443,-6.31351,2.88022,8.72803,0.793457,2.62451
27219.71,7.17542,-6.38534,2.88741,9.15527,0.732422,2.74658
27219.715,7.16824,-6.35182,2.8491,9.64355,0.427246,2.86865
27219.72,7.16345,-6.35421,2.86107,9.94873,0.12207,3.11279
27219.725,7.20894,-6.39731,2.87304,10.3149,-0.244141,3.2959
27219.73,7.20176,-6.3997,2.85389,10.6201,-0.366211,3.41797
27219.735,7.22809,-6.42843,2.84431,11.1084,-0.732422,3.78418
27219.74,7.23528,-6.46434,2.8491,11.5967,-1.2207,4.02832
27219.745,7.21612,-6.4835,2.82276,11.8408,-1.64795,4.39453
27219.75,7.20894,-6.46913,2.78206,12.146,-2.0752,4.69971
27219.755,7.17303,-6.49068,2.77009,12.146,-2.86865,5.12695
27219.76,7.15627,-6.50744,2.72939,12.085,-3.11279,5.5542
27219.765,7.12275,-6.47392,2.68869,12.0239,-3.60107,6.04248
27219.77,7.06289,-6.44998,2.66953,11.6577,-4.15039,6.65283
27219.775,7.01501,-6.41885,2.61447,11.0474,-4.5166,6.89697
27219.78,6.95994,-6.4021,2.60489,10.5591,-4.88281,7.32422
27219.785,6.87375,-6.36618,2.63362,10.0708,-5.31006,7.56836
27219.79,6.83545,-6.34463,2.67193,9.58252,-5.61523,7.87354
27219.795,6.75404,-6.28239,2.71024,9.0332,-5.98145,8.11768
27219.8,6.72052,-6.27281,2.73657,8.60596,-6.22559,8.17871
27219.805,6.69419,-6.25126,2.77488,8.42285,-6.65283,8.23975
27219.81,6.66546,-6.25365,2.82755,8.42285,-7.01904,8.23975
27219.815,6.66067,-6.28957,2.8898,9.0332,-7.32422,7.93457
27219.82,6.65109,-6.29914,2.98318,9.82666,-7.38525,7.75146
27219.825,6.61997,-6.27999,3.04542,10.5591,-7.69043,7.62939
27219.83,6.64152,-6.28478,3.11725,11.5356,-7.87354,7.32422
27219.835,6.65827,-6.30633,3.17232,12.5732,-8.05664,6.95801
27219.84,6.675472534414831,-6.324401498776452,3.2338744759509965,13.6373221925342,-8.235806084602782,6.667731853087131
27219.845,6.700332672151477,-6.345202205163488,3.30216526490209,14.69731484104681,-8.37842665313697,6.451693831702954
27219.85,6.733111542657822,-6.381627162136542,3.365775815836053,15.701326392641272,-8.4680851793195,6.2770348838796695
27219.855,6.774070275456084,-6.446571412751548,3.413289577876953,16.597505296611057,-8.488365137049703,6.110893957295236
27219.86,6.82347,-6.55293,3.43329,17.334,-8.42285,5.92041
27219.865,6.87136,-6.68461,3.4261,18.0054,-8.23975,5.79834
27219.87,6.88572,-6.74686,3.41892,18.9209,-7.93457,6.04248
27219.875,6.89051,-6.76123,3.40455,19.4092,-7.69043,6.16455
27219.88,6.88572,-6.76362,3.43089,19.7144,-7.32422,6.34766
27219.885,6.85939,-6.7732,3.40934,19.8364,-6.95801,6.53076
27219.89,6.86178,-6.83305,3.41413,19.7144,-6.40869,6.65283
27219.895,6.86178,-6.88094,3.36625,19.7144,-5.85938,6.65283
27219.9,6.85939,-6.89291,3.36864,19.5312,-5.12695,6.83594
27219.905,6.83305,-6.84502,3.36625,19.2871,-4.3335,6.65283
27219.91,6.83545,-6.79235,3.36146,18.3105,-3.78418,6.46973
27219.915,6.84023,-6.78756,3.36625,17.0288,-2.99072,6.40869
27219.92,6.85221,-6.75165,3.31358,15.3809,-2.38037,5.92041
27219.925,6.85939,-6.7325,3.27766,13.5498,-1.46484,5.49316
27219.93,6.85939,-6.71813,3.28245,11.6577,-0.915527,5.12695
27219.935,6.84502,-6.71334,3.2226,9.8877,-0.488281,4.69971
27219.94,6.83305,-6.67025,3.16753,8.23975,0.12207,4.39453
27219.945,6.80193,-6.63433,3.15077,6.65283,0.610352,3.84521
27219.95,6.78277,-6.63433,3.09331,5.37109,0.976562,3.60107
27219.955,6.76601,-6.59124,3.07655,4.08936,1.28174,3.41797
27219.96,6.74686,-6.55054,3.07415,3.2959,1.52588,2.99072
27219.965,6.72052,-6.53138,3.05979,2.62451,1.64795,2.68555
27219.97,6.70137,-6.51462,3.00472,2.31934,1.89209,2.38037
27219.975,6.68701,-6.49068,3.0143,2.31934,1.95312,2.13623
27219.98,6.67982,-6.46913,3.03824,2.50244,2.0752,1.89209
27219.985,6.67743,-6.44998,3.06697,2.80762,2.0752,1.77002
27219.99,6.65349,-6.4428,3.09091,3.2959,2.13623,1.46484
27219.995,6.65349,-6.44998,3.08134,3.90625,2.0752,1.40381
27220.0,6.61518,-6.44998,3.10767,4.57764,2.19727,1.28174
27220.005,6.6463,-6.44759,3.12683,5.12695,2.19727,1.09863
27220.01,6.62476,-6.42843,3.16274,5.61523,2.13623,1.0376
27220.015,6.61997,-6.4404,3.16753,5.98145,2.13623,1.15967
27220.02,6.63194,-6.43561,3.15556,6.10352,2.2583,1.09863
27220.025,6.66785,-6.44998,3.19147,6.22559,2.13623,0.915527
27220.03,6.66067,-6.47392,3.19147,6.16455,2.2583,0.915527
27220.035,6.67743,-6.44759,3.20823,6.10352,2.31934,0.671387
27220.04,6.70855,-6.44998,3.23935,5.79834,2.44141,0.488281
27220.045,6.70855,-6.44998,3.26569,5.43213,2.68555,0.366211
27220.05,6.7301,-6.45716,3.26809,5.00488,2.92969,0.244141
27220.055,6.71813,-6.39731,3.26569,4.39453,3.11279,0.0
27220.06,6.73489,-6.40688,3.27048,3.60107,3.35693,-0.366211
27220.065,6.81869,-6.43083,3.31118,3.41797,3.72314,-0.732422
27220.07,6.8115,-6.42604,3.32315,2.74658,3.90625,-0.976562
27220.075,6.8115,-6.40688,3.29921,2.31934,4.15039,-1.34277
27220.08,6.8139,-6.38055,3.29203,1.83105,4.45557,-1.70898
27220.085,6.82587,-6.36858,3.29682,1.46484,4.82178,-2.0752
27220.09,6.84023,-6.36618,3.28724,1.2207,5.06592,-2.50244
27220.095,6.84263,-6.35661,3.304,0.976562,5.37109,-2.74658
27220.1,6.84502,-6.33985,3.27527,0.854492,5.49316,-3.05176
27220.105,6.82108,-6.34224,3.29203,0.915527,5.61523,-3.17383
27220.11,6.80911,-6.32548,3.29921,0.854492,5.7373,-3.479
27220.115,6.83066,-6.32309,3.32315,1.09863,5.79834,-3.72314
27220.12,6.84502,-6.3159,3.33033,1.2207,5.85938,-3.84521
27220.125,6.82587,-6.2752,3.3016,1.2207,5.7373,-3.96729
27220.13,6.84023,-6.35661,3.33512,1.70898,5.85938,-3.90625
27220.135,6.83784,-6.38294,3.33273,2.0752,5.98145,-4.08936
27220.14,6.84502,-6.35182,3.30639,2.62451,5.92041,-4.08936
27220.145,6.85939,-6.35421,3.30879,3.11279,5.98145,-4.08936
27220.15,6.86418,-6.37576,3.29921,3.2959,5.92041,-4.15039
27220.155,6.85939,-6.39012,3.32794,3.78418,5.92041,-4.02832
27220.16,6.89051,-6.43561,3.30639,4.08936,5.7373,-3.96729
27220.165,6.89291,-6.45237,3.28724,4.3335,5.67627,-3.96729
27220.17,6.90009,-6.46674,3.29203,4.69971,5.43213,-3.96729
27220.175,6.91924,-6.45477,3.29921,5.00488,5.37109,-3.66211
27220.18,6.927261087675886,-6.433058787230701,3.30746737127581,5.032139263311021,5.248118275481047,-3.449200952988373
27220.185,6.926024418988476,-6.416524833283415,3.3151731743825703,4.825543390615112,5.026834770546999,-3.392730904636378
27220.19,6.925087206464378,-6.4151554857196444,3.318750291849573,4.495454886510342,4.787692128038128,-3.412197379757779
27220.195,6.934006662624787,-6.438938092099784,3.314621606213721,4.152236254789184,4.611142990236945,-3.4270979032657443
27220.2,6.96234,-6.49786,3.29921,3.90625,4.57764,-3.35693
27220.205,6.99346,-6.56011,3.27527,3.78418,4.76074,-3.17383
27220.21,6.95276,-6.51462,3.27287,3.54004,5.06592,-3.11279
27220.215,6.90727,-6.49307,3.30879,3.05176,5.06592,-3.35693
27220.22,6.88572,-6.46913,3.31118,2.2583,5.00488,-3.2959
27220.225,6.87854,-6.4404,3.28245,1.52588,5.00488,-3.2959
27220.23,6.89051,-6.42364,3.28245,0.793457,5.31006,-3.11279
27220.235,6.86178,-6.40928,3.23696,0.12207,5.18799,-3.23486
27220.24,6.85939,-6.37097,3.23457,-0.732422,5.37109,-3.23486
27220.245,6.84263,-6.39252,3.26809,-1.2207,5.49316,-3.23486
27220.25,6.82826,-6.37097,3.25372,-1.58691,5.5542,-3.2959
27220.255,6.83305,-6.37097,3.2633,-2.0752,5.79834,-3.11279
27220.26,6.82347,-6.36139,3.23935,-2.19727,5.7373,-3.05176
27220.265,6.84742,-6.32787,3.3016,-2.50244,5.7373,-3.17383
27220.27,6.82587,-6.34463,3.27766,-2.44141,5.7373,-2.99072
27220.275,6.83545,-6.33027,3.28245,-2.31934,5.85938,-2.92969
27220.28,6.85939,-6.30872,3.24893,-2.19727,5.67627,-2.80762
27220.285,6.86178,-6.31112,3.27048,-2.13623,5.5542,-2.68555
27220.29,6.88094,-6.3159,3.27287,-2.01416,5.43213,-2.62451
27220.295,6.92403,-6.33027,3.28006,-1.89209,5.37109,-2.62451
27220.3,6.93361,-6.32548,3.304,-1.58691,5.24902,-2.38037
27220.305,6.94318,-6.3183,3.304,-1.34277,5.12695,-2.2583
27220.31,6.95994,-6.33027,3.30639,-1.34277,4.94385,-2.19727
27220.315,6.95994,-6.32309,3.27048,-1.15967,4.76074,-2.0752
27220.32,6.96473,-6.3183,3.29442,-1.0376,4.45557,-1.83105
27220.325,6.95276,-6.29675,3.28724,-1.2207,4.21143,-1.77002
27220.33,6.99107,-6.30872,3.32076,-1.2207,4.02832,-1.77002
27220.335,6.99107,-6.30393,3.33752,-1.28174,3.96729,-1.34277
27220.34,6.97431,-6.18422,3.3016,-1.64795,3.84521,-0.976562
27220.345,6.88094,-6.12676,3.25851,-3.11279,2.50244,-0.732422
27220.35,7.04614,-6.29914,3.32555,-3.23486,2.80762,-0.732422
27220.355,7.06529,-6.28239,3.31597,-3.05176,2.92969,-0.732422
27220.36,7.11078,-6.30633,3.37343,-2.86865,2.86865,-0.793457
27220.365,7.07247,-6.28478,3.38301,-2.62451,2.86865,-0.976562
27220.37,7.07487,-6.22732,3.39498,-2.68555,2.86865,-1.0376
27220.375,7.07487,-6.22492,3.3878,-2.68555,2.86865,-1.09863
27220.38,7.06289,-6.19619,3.35667,-2.80762,2.74658,-1.28174
27220.385,7.04614,-6.18901,3.31358,-2.74658,2.74658,-1.34277
27220.39,7.04853,-6.19141,3.31118,-2.74658,2.68555,-1.40381
27220.395,7.01262,-6.16746,3.32076,-2.50244,2.62451,-1.40381
27220.4,7.01741,-6.13394,3.3447,-2.2583,2.50244,-1.34277
27220.405,7.0198,-6.12437,3.36146,-2.31934,2.38037,-1.46484
27220.41,7.02698,-6.13155,3.33752,-2.19727,2.2583,-1.58691
27220.415,7.02459,-6.12437,3.34231,-2.2583,2.13623,-1.40381
27220.42,6.98628,-6.09564,3.35188,-2.2583,1.83105,-1.58691
27220.425,7.03177,-6.15549,3.42131,-2.19727,1.52588,-1.46484
27220.43,7.04614,-6.15549,3.39977,-1.95312,1.58691,-1.52588
27220.435,7.04374,-6.13873,3.3854,-1.64795,1.34277,-1.46484
27220.44,7.05332,-6.1531,3.37582,-1.40381,0.915527,-1.40381
27220.445,7.04853,-6.15789,3.40455,-1.2207,0.793457,-1.28174
27220.45,7.07487,-6.19619,3.37343,-0.610352,0.671387,-1.28174
27220.455,7.04374,-6.18422,3.35667,-0.244141,0.488281,-1.2207
27220.46,7.08684,-6.18662,3.37104,0.0610352,0.183105,-1.2207
27220.465,7.10599,-6.21535,3.36385,0.427246,0.183105,-1.09863
27220.47,7.10838,-6.21774,3.33752,0.671387,-0.12207,-0.915527
27220.475,7.09641,-6.2345,3.32794,0.854492,-0.305176,-0.915527
27220.48,7.11557,-6.23929,3.33752,0.854492,-0.488281,-0.732422
27220.485,7.09641,-6.23929,3.33273,0.915527,-0.610352,-0.488281
27220.49,7.11078,-6.24168,3.29921,0.549316,-0.793457,-0.488281
27220.495,7.10838,-6.23211,3.304,0.244141,-0.915527,-0.244141
27220.5,7.09881,-6.22492,3.27766,-0.12207,-1.15967,-0.12207
27220.505,7.08684,-6.21295,3.26569,-0.549316,-1.2207,-0.0610352
27220.51,7.08444,-6.21056,3.27048,-0.854492,-1.28174,0.12207
27220.515,7.11557,-6.20577,3.28245,-1.09863,-1.52588,0.183105
27220.52,7.12993,-6.20577,3.28484,-1.34277,-1.64795,0.244141
27220.525,7.12036,-6.21535,3.28006,-1.34277,-1.83105,0.366211
27220.53,7.15387,-6.21535,3.26809,-1.46484,-2.01416,0.366211
27220.535,7.15627,-6.22014,3.29682,-1.28174,-2.2583,0.366211
27220.54,7.1443,-6.21774,3.27287,-1.34277,-2.38037,0.366211
27220.545,7.15627,-6.20338,3.26809,-1.09863,-2.62451,0.488281
27220.55,7.14909,-6.13634,3.28724,-1.15967,-2.86865,0.366211
27220.555,7.1443,-6.1938,3.27048,-1.40381,-2.99072,0.488281
27220.56,7.12993,-6.18662,3.22499,-1.46484,-3.23486,0.427246
27220.565,7.11317,-6.1531,3.20344,-1.64795,-3.60107,0.427246
27220.57,7.13951,-6.1507,3.20823,-1.83105,-3.78418,0.427246
27220.575,7.1443,-6.14352,3.18908,-2.13623,-4.08936,0.671387
27220.58,7.12754,-6.11719,3.17471,-2.31934,-4.21143,0.671387
27220.585,7.12993,-6.12916,3.15077,-2.56348,-4.3335,0.488281
27220.59,7.13951,-6.1124,3.18429,-2.50244,-4.5166,0.732422
27220.595,7.12754,-6.10043,3.22738,-2.56348,-4.69971,0.732422
27220.6,7.13472,-6.10043,3.23457,-2.2583,-4.63867,0.671387
27220.605,7.13712,-6.07888,3.2202,-2.0752,-4.88281,0.671387
27220.61,7.12993,-6.07648,3.20344,-1.83105,-5.00488,0.732422
27220.615,7.12275,-6.07648,3.21541,-1.52588,-4.94385,0.671387
27220.62,7.12036,-6.07409,3.25372,-1.15967,-5.06592,0.610352
27220.625,7.12036,-6.07888,3.20584,-0.854492,-5.18799,0.610352
27220.63,7.10599,-6.07409,3.20823,-0.549316,-5.37109,0.488281
27220.635,7.11078,-6.08127,3.17711,-0.427246,-5.43213,0.488281
27220.64,7.11078,-6.08367,3.17232,-0.183105,-5.43213,0.549316
27220.645,7.12993,-6.08606,3.16035,-0.305176,-5.49316,0.549316
27220.65,7.10599,-6.03818,3.13162,-0.183105,-5.5542,0.488281
27220.655,7.11557,-6.0717,3.13401,-0.549316,-5.43213,0.549316
27220.66,7.13712,-6.07888,3.12683,-0.549316,-5.5542,0.549316
27220.665,7.1443,-6.10761,3.11486,-0.793457,-5.5542,0.427246
27220.67,7.15148,-6.09803,3.0957,-0.671387,-5.7373,0.488281
27220.675,7.15387,-6.07648,3.08852,-0.427246,-5.98145,0.549316
27220.68,7.16585,-6.0717,3.11486,-0.366211,-5.98145,0.488281
27220.685,7.13951,-6.07648,3.0957,-0.244141,-6.22559,0.427246
27220.69,7.16106,-6.03578,3.11964,-0.12207,-6.34766,0.244141
27220.695,7.16345,-6.03339,3.12922,0.12207,-6.34766,0.183105
27220.7,7.15627,-6.03578,3.1364,0.244141,-6.28662,0.12207
27220.705,7.16345,-6.07409,3.11725,0.671387,-6.34766,0.0
27220.71,7.16585,-6.10521,3.0981,1.15967,-6.53076,0.0
27220.715,7.17542,-6.11958,3.11007,1.64795,-6.46973,0.0610352
27220.72,7.181967586710418,-6.1174325989100735,3.116960182892273,2.113698047400857,-6.3881633826260975,0.1251458028836465
27220.725,7.18175524652272,-6.106132045418581,3.1104540070696327,2.5318278518222224,-6.35270833610302,0.175291979002696
27220.73,7.175157112985322,-6.095426192479663,3.094277739813479,2.8818786323248275,-6.339725598269589,0.1994863336679273
27220.735,7.16254731962978,-6.095062893020764,3.0721576483650286,3.143389608716169,-6.325575906953061,0.1857414722378501
27220.74,7.1443,-6.11479,3.04782,3.2959,-6.28662,0.12207
27220.745,7.13233,-6.14592,3.03345,3.35693,-6.16455,0.0610352
27220.75,7.14669,-6.14113,3.04303,3.35693,-5.92041,0.183105
27220.755,7.12275,-6.1531,3.01669,3.05176,-5.85938,0.244141
27220.76,7.13472,-6.17225,3.01191,2.80762,-5.61523,0.12207
27220.765,7.13951,-6.15549,3.00712,2.44141,-5.31006,0.12207
27220.77,7.12275,-6.14592,2.99275,1.95312,-5.12695,0.183105
27220.775,7.13712,-6.16028,2.96881,1.40381,-4.82178,0.0610352
27220.78,7.13472,-6.16507,2.9329,0.854492,-4.5166,0.183105
27220.785,7.10599,-6.17704,2.94726,0.366211,-4.15039,0.305176
27220.79,7.11796,-6.16028,2.94966,-0.183105,-4.02832,0.366211
27220.795,7.13712,-6.18422,2.9712,-0.671387,-3.78418,0.427246
27220.8,7.140667350118207,-6.209513063018967,2.994749374822929,-1.076051306332599,-3.5025854118460544,0.5996595486718554
27220.805,7.131433610942472,-6.220633088052578,3.011360362245214,-1.417691415293581,-3.2500577056009763,0.8648094161073991
27220.81,7.116116196719258,-6.218627581580483,3.020267662251548,-1.7156906709024715,-3.0406712935631623,1.1658229089992391
27220.815,7.101412521656945,-6.204544050072798,3.020705974843541,-1.989432417806337,-2.888500587584536,1.4458273347307689
27220.82,7.09402,-6.17943,3.01191,-2.2583,-2.80762,1.64795
27220.825,7.09881,-6.15549,2.99993,-2.50244,-2.80762,1.83105
27220.83,7.11317,-6.16507,3.00472,-2.62451,-2.86865,2.2583
27220.835,7.12993,-6.16986,3.00712,-2.74658,-2.92969,2.50244
27220.84,7.137844396761189,-6.168915179564804,3.003936222809233,-2.8488661762356093,-2.96196025767844,2.711097890722851
27220.845,7.1402731244681314,-6.166682045307372,2.9967083621634862,-2.914082318898624,-2.971628148741495,2.941559274811007
27220.85,7.14473065379174,-6.164921321268734,2.9862833901205934,-2.940362373433571,-2.9712639109683097,3.171451713385673
27220.855,7.158731455410658,-6.165393731485607,2.97350827871416,-2.925840285328857,-2.9734377821290066,3.3784027680777875
27220.86,7.18979,-6.16986,2.95923,-2.86865,-2.99072,3.54004
27220.865,7.21852,-6.17465,2.94966,-2.80762,-3.05176,3.66211
27220.87,7.18979,-6.17465,2.95684,-2.92969,-3.17383,3.72314
27220.875,7.22091,-6.20816,2.95205,-3.23486,-3.17383,3.54004
27220.88,7.20894,-6.22014,2.93769,-3.35693,-3.17383,3.78418
27220.885,7.1826,-6.19859,2.89459,-3.78418,-3.35693,3.84521
27220.89,7.15387,-6.18422,2.8922,-4.3335,-3.41797,3.78418
27220.895,7.12993,-6.17943,2.8922,-4.94385,-3.41797,3.90625
27220.9,7.09402,-6.1938,2.89698,-5.61523,-3.41797,3.90625
27220.905,7.09641,-6.17465,2.91374,-6.28662,-3.54004,3.90625
27220.91,7.09163,-6.18901,2.91614,-6.95801,-3.54004,3.96729
27220.915,7.08923,-6.19141,2.94247,-7.44629,-3.54004,4.27246
27220.92,7.07726,-6.1938,2.98796,-7.93457,-3.84521,4.27246
27220.925,7.09402,-6.17465,3.00472,-8.42285,-3.90625,4.69971
27220.93,7.10838,-6.18183,3.05021,-8.72803,-4.02832,4.94385
27220.935,7.11317,-6.17465,3.08852,-8.72803,-4.08936,5.06592
27220.94,7.1036,-6.19619,3.14598,-8.78906,-4.21143,5.18799
27220.945,7.09641,-6.16507,3.15556,-8.60596,-4.21143,5.37109
27220.95,7.10838,-6.18662,3.21541,-8.54492,-4.21143,5.37109
27220.955,7.09881,-6.16028,3.25133,-8.17871,-4.08936,5.37109
27220.96,7.12754,-6.16986,3.27048,-8.17871,-4.02832,5.12695
27220.965,7.1419,-6.19141,3.30879,-7.93457,-3.479,4.94385
27220.97,7.14669,-6.21535,3.29203,-7.56836,-3.23486,4.88281
27220.975,7.13472,-6.22971,3.30879,-7.38525,-2.86865,4.88281
27220.98,7.1443,-6.23211,3.31118,-7.44629,-2.56348,4.39453
27220.985,7.1443,-6.24168,3.27048,-7.69043,-2.2583,4.27246
27220.99,7.12275,-6.25126,3.29442,-7.69043,-1.70898,4.08936
27220.995,7.08684,-6.26084,3.2633,-7.99561,-1.15967,3.96729
27221.0,7.06529,-6.2752,3.24893,-8.42285,-0.793457,3.78418
27221.005,7.02219,-6.26563,3.18429,-8.72803,-0.305176,3.72314
27221.01,6.99825,-6.24647,3.14598,-9.27734,0.12207,3.66211
27221.015,6.95755,-6.25605,3.12204,-9.82666,0.732422,3.41797
27221.02,6.90248,-6.24408,3.06697,-10.5591,1.34277,3.35693
27221.025,6.86418,-6.22014,3.0143,-11.1694,1.83105,3.2959
27221.03,6.82108,-6.20098,3.00472,-11.7798,2.2583,3.23486
27221.035,6.80672,-6.22253,3.00472,-12.2681,2.80762,2.99072
27221.04,6.79235,-6.20338,2.98557,-12.6343,3.11279,2.99072
27221.045,6.78038,-6.15789,2.96642,-12.8784,3.479,2.86865
27221.05,6.76123,-6.1531,2.90896,-12.9395,3.78418,2.56348
27221.055,6.74925,-6.14113,2.91135,-12.9395,3.84521,2.56348
27221.06,6.72771,-6.14592,2.90417,-12.8174,4.08936,2.44141
27221.065,6.74207,-6.08845,2.88262,-12.6953,4.15039,2.38037
27221.07,6.75165,-6.09324,2.89938,-12.3901,4.15039,2.50244
27221.075,6.75883,-6.08127,2.87783,-12.146,4.15039,2.2583
27221.08,6.74447,-6.09324,2.90417,-11.7188,4.27246,2.19727
27221.085,6.76601,-6.0717,2.87065,-11.4136,4.02832,2.2583
27221.09,6.75883,-6.07409,2.87544,-10.9253,4.15039,2.2583
27221.095,6.7708,-6.05015,2.87544,-10.498,4.02832,2.19727
27221.1,6.75644,-6.04775,2.87065,-10.0098,3.96729,2.13623
27221.105,6.72052,-6.05015,2.85389,-9.46045,3.84521,2.19727
27221.11,6.71813,-6.06212,2.81319,-9.27734,3.78418,2.2583
27221.115,6.73728,-6.03099,2.77967,-8.97217,3.72314,2.19727
27221.12,6.72292,-6.07648,2.78685,-8.72803,3.54004,2.31934
27221.125,6.70855,-6.07888,2.74615,-8.60596,3.2959,2.38037
27221.13,6.7301,-6.07648,2.74854,-8.42285,3.17383,2.31934
27221.135,6.70376,-6.10043,2.76051,-8.30078,2.99072,2.50244
27221.14,6.730562960997476,-6.145432684965268,2.7802197784887266,-8.080900459233385,2.778785400277976,2.733602604230936
27221.145,6.804564565395455,-6.201024007454332,2.8051894226633256,-7.724662627571299,2.525239842995668,2.934579137005809
27221.15,6.8756996892449935,-6.256618987423588,2.827008177579236,-7.252534566624258,2.1823495858116884,3.1054233675588256
27221.155,6.893903208769592,-6.301632644954629,2.8372652883414333,-6.6849843369226125,1.7023808856210527,3.2461890654861234
27221.16,6.80911,-6.32548,2.82755,-6.04248,1.0376,3.35693
27221.165,6.68701,-6.31351,2.83952,-5.49316,0.183105,3.54004
27221.17,6.80432,-6.30154,2.96642,-5.37109,-0.732422,4.02832
27221.175,6.81629,-6.4835,2.91853,-4.94385,-1.70898,4.39453
27221.18,6.98628,-6.70137,2.85149,-4.5166,-2.80762,5.00488
27221.185,7.07965,-6.76601,2.84671,-3.54004,-3.96729,5.49316
27221.19,7.13712,-6.78277,2.86347,-2.86865,-5.31006,6.04248
27221.195,7.2688,-6.86896,2.90656,-2.38037,-6.5918,6.40869
27221.2,7.35738,-6.90488,2.90896,-1.89209,-7.69043,6.83594
27221.205,7.46751,-6.93121,2.99515,-1.77002,-8.72803,7.32422
27221.21,7.48667,-6.87375,3.02627,-1.77002,-9.82666,7.56836
27221.215,7.54413,-6.87136,3.14119,-1.95312,-10.1929,7.75146
27221.22,7.58244,-6.9384,3.17711,-2.19727,-10.8032,8.30078
27221.225,7.57286,-6.9767,3.11725,-2.19727,-11.4746,8.54492
27221.23,7.58004,-6.936,3.0981,-1.89209,-12.0239,9.27734
27221.235,7.43878,-6.77559,3.10049,-1.70898,-12.5122,9.76562
27221.24,7.25922,-6.6463,3.15316,-1.77002,-13.3667,10.2539
27221.245,7.15866,-6.57208,3.17232,-1.89209,-13.855,10.8643
27221.25,7.07247,-6.54814,3.17711,-1.46484,-14.2822,11.4746
27221.255,6.94797,-6.48829,3.19626,-0.976562,-14.8315,11.9629
27221.26,6.82347,-6.42364,3.2609,-0.0610352,-15.1978,12.3901
27221.265,6.69179,-6.37576,3.33512,0.854492,-15.686,12.8784
27221.27,6.57927,-6.36618,3.41174,2.13623,-15.9912,13.2446
27221.275,6.51462,-6.36858,3.46441,3.54004,-16.2354,13.3667
27221.28,6.42364,-6.33506,3.49075,5.06592,-16.3574,13.7329
27221.285,6.359,-6.33266,3.51229,6.83594,-16.3574,13.6719
27221.29,6.3183,-6.36858,3.5506,8.66699,-16.5405,13.5498
27221.295,6.2752,-6.39252,3.5937,10.6201,-16.7236,13.4888
27221.3,6.27999,-6.42125,3.60327,12.146,-16.9067,13.3667
27221.305,6.2776,-6.4811,3.6751,13.6719,-16.7847,13.3667
27221.31,6.31351,-6.55772,3.68707,15.0757,-16.7847,13.0005
27221.315,6.33985,-6.61997,3.67989,16.0522,-16.7236,13.0005
27221.32,6.37815,-6.70855,3.6751,16.6626,-16.6626,13.1226
27221.325,6.41885,-6.82108,3.64397,17.2729,-16.4795,12.8784
27221.33,6.45956,-6.88094,3.61285,17.4561,-16.1743,12.8784
27221.335,6.51702,-6.95037,3.61046,17.0898,-15.686,13.0005
27221.34,6.54814,-6.96234,3.56975,16.4185,-15.2588,12.9395
27221.345,6.56969,-6.95276,3.49793,15.564,-14.5874,12.8174
27221.35,6.57448,-6.936,3.49075,14.3433,-13.916,12.7563
27221.355,6.58166,-6.93361,3.4692,12.5732,-13.1226,12.7563
27221.36,6.575595192264294,-6.915055791505094,3.4329408101981325,10.800173644034146,-12.271470254988667,12.603964767842314
27221.365,6.555227835743092,-6.878391888088726,3.391235885186012,9.107876720647177,-11.39210096429596,12.306963181106775
27221.37,6.5266398831104,-6.833527088951402,3.3465915551047787,7.404879976353609,-10.48052854671142,11.94574921070415
27221.375,6.495913286972624,-6.790370193189114,3.3015141499961382,5.599754153980061,-9.53278941902454,11.600776826704124
27221.38,6.46913,-6.75883,3.25851,3.60107,-8.54492,11.3525
27221.385,6.4428,-6.74447,3.21781,1.46484,-7.56836,11.1084
27221.39,6.3997,-6.74207,3.1795,-0.366211,-6.7749,10.498
27221.395,6.38055,-6.74447,3.16513,-2.01416,-6.04248,10.1929
27221.4,6.34224,-6.70137,3.15795,-3.41797,-5.37109,9.70459
27221.405,6.29436,-6.67503,3.14598,-4.57764,-4.76074,8.97217
27221.41,6.31112,-6.62236,3.16274,-5.7373,-4.08936,8.36182
27221.415,6.3159,-6.58645,3.19626,-6.71387,-3.479,7.62939
27221.42,6.3159,-6.54096,3.1795,-7.87354,-2.80762,6.83594
27221.425,6.33506,-6.48589,3.25133,-8.97217,-2.2583,6.04248
27221.43,6.33745,-6.43801,3.22738,-9.8877,-1.95312,5.24902
27221.435,6.35421,-6.42843,3.20105,-10.8643,-1.40381,4.3335
27221.44,6.36379,-6.40449,3.19147,-11.5967,-1.0376,3.479
27221.445,6.39731,-6.40688,3.18189,-12.146,-0.793457,2.80762
27221.45,6.41407,-6.41407,3.18668,-12.5122,-0.366211,2.19727
27221.455,6.41885,-6.40449,3.21302,-12.8784,-0.0610352,1.52588
27221.460000000003,6.424959071170813,-6.39240826167072,3.245284094987825,-13.2429817755716,0.1858167632600263,0.8553690786905179
27221.465,6.434528115664899,-6.38243859857946,3.279028903841609,-13.59170702859899,0.4183202167865516,0.2082440506341439
27221.47,6.447426016991805,-6.37451611109103,3.314161652878424,-13.924792326104631,0.6367347862156651,-0.4157080128229332
27221.475,6.463521658641335,-6.3685758995927095,3.3505895683421474,-14.242454234344155,0.8413200966709196,-1.0167000389136385
27221.480000000003,6.482683924109029,-6.364553064463771,3.388219876500689,-14.54490931983269,1.0323357734502243,-1.5949449553502235
27221.485,6.504781696873303,-6.36238270608441,3.4269598035933857,-14.83237414888159,1.2100414417269714,-2.1506556894487527
27221.49,6.529683860461928,-6.361999924830782,3.4667165759445764,-15.105065288424164,1.3746967270575083,-2.684045169730015
27221.495000000003,6.557259298355407,-6.363339821084397,3.5073974197943705,-15.36319930476093,1.5265612546056362,-3.195326323493755
27221.5,6.58737689402647,-6.366337495221761,3.5489095613801926,-15.606992764234798,1.665894649572382,-3.684712078104065
27221.505,6.619905531014551,-6.370928047626548,3.591160227030413,-15.836662233715517,1.792956537458256,-4.152415361985216
27221.51,6.654714092794184,-6.377046578676444,3.634056642983025,-16.05242427953563,1.9080065434552609,-4.598649102485446
27221.515000000003,6.691671462860901,-6.38462818875072,3.677506035505937,-16.25449546821026,2.011304292861308,-5.023626227317005
27221.52,6.730646524681173,-6.393607978221621,3.72141563083496,-16.443092366122144,2.103109410911625,-5.427559663905851
27221.525,6.771508161807332,-6.403921047481527,3.7656926553019554,-16.618431540060715,2.1836815230375626,-5.810662340551904
27221.53,6.814125257707264,-6.415502496903676,3.810244335143035,-16.78072955639899,2.253280254466081,-6.1731471846658845
27221.535,6.85836669584376,-6.4282874268576125,3.8549778965935175,-16.930202981547946,2.31216523045608,-6.515227123718522
27221.54,6.90410135977681,-6.442210937741258,3.89980056598646,-17.067068382240087,2.3605960763910034,-6.83711508591973
27221.545,6.951198132970332,-6.457208129925008,3.944619569557277,-17.19154232487713,2.398832417522049,-7.139023998725468
27221.550000000003,6.999525898919858,-6.4732141037881314,3.989342133573873,-17.303841375974187,2.4271338791471244,-7.421166789847985
27221.555,7.048953541084591,-6.490163959697249,4.033875484271847,-17.404182101977675,2.445760086554048,-7.683756386815537
27221.56,7.099349943032067,-6.507992798056325,4.078126847983962,-17.492781069548585,2.4549706650676733,-7.927005717722362
27221.565,7.150583988222244,-6.526635719232645,4.122003450945646,-17.56985484512471,2.455025239968872,-8.151127710082568
27221.57,7.202524560112635,-6.546027823591106,4.165412519393412,-17.63561999517738,2.446183436565158,-8.356335291465925
27221.575,7.255040542274438,-6.566104211539243,4.208261279658393,-17.69029308631727,2.4287048801414195,-8.542841389883174
27221.58,7.308000818165633,-6.586799983442483,4.250456957976728,-17.734090685007573,2.4028491959987925,-8.710858932890401
27221.585000000003,7.361274271281754,-6.608050239680094,4.291906780616325,-17.767229357763398,2.3688760094351893,-8.860600848199859
27221.59,7.414729785079408,-6.629790080615372,4.332517973815871,-17.789925671087104,2.3270449457817493,-8.99228006343451
27221.595,7.468236243131994,-6.651954606659261,4.372197763902424,-17.802396191526697,2.2776156302753536,-9.106109506498091
27221.6,7.521662528896197,-6.674478918175386,4.410853377114025,-17.804857485577003,2.22084768824152,-9.202302105000506
27221.605,7.574877525828946,-6.697298115526324,4.448392039691699,-17.797526119761997,2.1570007450271262,-9.281070786602974
27221.61,7.627750117503287,-6.72034729912459,4.484720977958033,-17.780618660585983,2.0863344258370145,-9.342628479132246
27221.615,7.680149187375946,-6.743561569332956,4.519747418153205,-17.754351674565893,2.0091083560130065,-9.387188110236949
27221.620000000003,7.73194361894245,-6.766876026530692,4.55337858654512,-17.718941728216823,1.9255821608530117,-9.41496260762933
27221.625,7.783002295661485,-6.790225771080082,4.58552170937886,-17.67460538808936,1.8360154657222416,-9.426164899019469
27221.63,7.833194101102962,-6.8135459033944175,4.616084012969164,-17.621559220633966,1.7406678957881123,-9.42100791213579
27221.635,7.882387918724983,-6.836771523835986,4.6449727235600005,-17.560019792394797,1.639799076411537,-9.399704574676395
27221.64,7.930452631988549,-6.859837732767348,4.672095067400205,-17.49020366994073,1.533668632969496,-9.362467814386369
27221.645,7.977257124459216,-6.882679630601382,4.697358270797208,-17.41232741968515,1.4225361906053011,-9.309510558923645
27221.65,8.022670279597122,-6.905232317700512,4.720669559998531,-17.326607608190994,1.3066613746922005,-9.241045736021803
27221.655,8.066560980866447,-6.927430894428,4.741936161257371,-17.23326080204401,1.1863038106172423,-9.157286273459547
27221.66,8.108798111826676,-6.949210461195462,4.761065300872639,-17.13250356762336,1.0617231235030364,-9.058445098827113
27221.665,8.149250555940833,-6.970506118365881,4.777964205096012,-17.024552471509317,0.9331789387334636,-8.944735139892158
27221.67,8.187787196704456,-6.991252966318529,4.792540100195398,-16.90962408021701,0.8009308816064353,-8.816369324366935
27221.675,8.2242769175873,-7.011386105418268,4.804700212430756,-16.787934960352498,0.6652385775197794,-8.673560580072804
27221.68,8.258588602138083,-7.030840636073705,4.814351768087745,-16.65970167825369,0.5263616515737904,-8.51652183451407
27221.685,8.290591133825021,-7.049551658649236,4.821401993424535,-16.525140800521807,0.3845597291638858,-8.34546601550167
27221.69,8.32015339612306,-7.06745427351141,4.825758114706861,-16.38446889377649,0.2400924356939954,-8.160606050887317
27221.695,8.347144272570834,-7.084483581065596,4.827327358209033,-16.237902524328018,0.0932193962516441,-7.962154868114141
27221.7,8.371432646641459,-7.100574681677736,4.82601695019479,-16.08565825879167,-0.0557997637610827,-7.750325395023892
27221.705,8.39288740183047,-7.1156626757271,4.82173411693204,-15.92795266368256,-0.2067054190462747,-7.525330559328826
27221.71,8.411377421621056,-7.129682663583165,4.814386084695176,-15.765002305636225,-0.3592379441945126,-7.28738328891898
27221.715,8.426771589535736,-7.142569745645643,4.803880079741466,-15.59702375093052,-0.5131377141300062,-7.036696511160219
27221.72,8.438938789055499,-7.154259022283211,4.7901233283430384,-15.424233566197254,-0.6681451034444257,-6.773483153933239
27221.725,8.447747903670713,-7.164685593868024,4.773023056781478,-15.246848318082217,-0.8240004867262153,-6.497956145155191
27221.73,8.453067816889819,-7.173784560794571,4.752486491299867,-15.06508457284227,-0.9804442389044232,-6.210328412137251
27221.735,8.454767412200697,-7.1814910234340665,4.728420858177323,-14.87915889711995,-1.1372167345680146,-5.910812882787692
27221.74,8.452715573098882,-7.187740082165783,4.700733383681755,-14.689287857430374,-1.2940583484190815,-5.599622484818763
27221.745,8.446781183085669,-7.192466837366126,4.669331294105292,-14.495688020430828,-1.450709455045868,-5.276970146181597
27221.75,8.436833125648038,-7.195606389421283,4.6341218156702,-14.298575952354572,-1.6069104293785783,-4.943068794118793
27221.755,8.422740284284405,-7.197093838706523,4.59501217466587,-14.098168219856252,-1.762401646005223,-4.598131356573217
27221.76,8.40437154250526,-7.196864285601926,4.5519095973930455,-13.894681389600116,-1.9169234795158796,-4.24237076151986
27221.765,8.381595783779483,-7.194852830486468,4.504721310056967,-13.688332027805028,-2.070216304837653,-3.875999936153143
27221.77,8.354281891614402,-7.190994573738959,4.453354538955439,-13.479336701133075,-2.2220204965598214,-3.4992318084402565
27221.775,8.322298749505551,-7.185224615738669,4.39771651035637,-13.267911976099374,-2.3720764293844745,-3.1122793060934493
27221.78,8.285515240977,-7.177478056871237,4.337714450572929,-13.054274419375233,-2.5201244779067764,-2.7153553571173523
27221.785,8.24380024947084,-7.167689997504708,4.273255585785769,-12.838640597164758,-2.665905017044414,-2.3086728886464862
27221.79,8.197022658507603,-7.155795538023256,4.204247142304853,-12.621227076137725,-2.809158421390994,-1.8924448286783
27221.795,8.145051351622556,-7.141729778817199,4.130596346453388,-12.4022504229691,-2.9496250655474845,-1.466884105238025
27221.8,8.087755212235685,-7.125427820245377,4.052210424392159,-12.181927203855214,-3.087045324420536,-1.0322036454185135
27221.805,8.025003123878431,-7.106824762696498,3.968996602440963,-11.960473985469967,-3.2211595726089914,-0.5886163772382813
27221.81,7.956663970046325,-7.085855706549832,3.880862106867704,-11.738107334328472,-3.35170818481494,-0.1363352284095804
27221.815,7.8826066342909025,-7.062455752202582,3.787714164009913,-11.515043817108358,-3.478431535649726,0.3244268730170553
27221.82,7.8027,-7.03656,3.68946,-11.2915,-3.60107,0.793457
27221.825,7.71172,-7.01262,3.58651,-10.9253,-3.72314,1.2207
27221.83,7.60398,-7.00304,3.48596,-9.94873,-3.90625,1.46484
27221.835,7.52019,-6.99107,3.40695,-8.60596,-4.3335,1.70898
27221.84,7.4316,-6.9767,3.34231,-6.95801,-4.94385,1.89209
27221.845,7.35259,-6.96713,3.26809,-5.12695,-5.5542,1.77002
27221.85,7.25204,-6.95994,3.17232,-3.05176,-6.46973,1.95312
27221.855,7.14909,-6.91445,3.07894,-0.610352,-7.26318,1.95312
27221.86,7.076121757862929,-6.855387673690469,2.949843227254357,2.145847886308766,-8.047289420627248,1.9564542803903693
27221.865,7.03137033213938,-6.801273639784469,2.7857885087989813,5.060854793127053,-8.856651655008024,2.0411950531140355
27221.87,7.004261779846408,-6.763583522238349,2.6030200947744038,7.963125864614499,-9.649475439709542,2.1822691960579674
27221.875,6.9842221579521695,-6.75379294492799,2.4177822349094966,10.681118251323564,-10.383969513038776,2.354603587446685
27221.88,6.960677523482711,-6.783377531825864,2.246319179337088,13.04328909734221,-11.0183426115357,2.533125105199024
27221.885,6.923053933439226,-6.863812906869661,2.104875178061861,14.878095548895526,-11.510803472328238,2.692760627319013
27221.89,6.86077744487975,-7.006574693867734,2.009694481136984,16.013994751677984,-11.819560832396624,2.8084370317485865
27221.895,6.763274114721257,-7.223138516958554,1.9770213384187847,16.279443853671626,-11.902823429343425,2.8550811966753056
27221.9,6.61997,-7.52498,2.0231,15.5029,-11.7188,2.80762
27221.905,6.50505,-7.75721,2.03028,13.7329,-11.4136,2.80762
27221.91,6.608,-7.53934,1.68312,11.9629,-11.3525,3.2959
27221.915,6.52659,-7.65187,1.5682,10.9863,-10.498,3.72314
27221.92,6.426774468031776,-7.753596694891366,1.462919694356792,9.428271440043655,-9.271448106460532,4.290945522651713
27221.925,6.36524123331008,-7.738347089014961,1.2853442407777247,7.16074763374213,-7.973341787779865,4.987138768323003
27221.93,6.316745764516993,-7.6667271356801745,1.0675141398640229,4.536987005438537,-6.739199414764563,5.667984253253145
27221.935,6.256043530519204,-7.599342788264014,0.8414698927612172,1.910247986251032,-5.704539361774631,6.189746491816997
27221.94,6.15789,-7.5968,0.639252,-0.366211,-5.00488,6.40869
27221.945,6.02621,-7.65187,0.471658,-2.19727,-4.57764,6.34766
27221.95,5.94241,-7.5968,0.301669,-4.39453,-3.84521,6.53076
27221.955,5.86819,-7.56568,0.19393,-7.26318,-3.05176,6.89697
27221.96,5.78439,-7.5154,0.122104,-10.1929,-2.2583,7.08008
27221.965,5.73172,-7.40527,0.0,-13.1836,-1.2207,7.32422
27221.97,5.63356,-7.33823,-0.0622492,-15.9912,-0.305176,7.38525
27221.975,5.60004,-7.24485,-0.071826,-18.6157,0.305176,7.20215
27221.98,5.595916427862561,-7.138404494001546,-0.0704735814452363,-21.13483954558682,0.945032727553932,6.882286630444586
27221.985,5.60355769920657,-7.031652429222662,-0.0661702846474318,-23.534618356621632,1.696322411011762,6.45715334747445
27221.99,5.624748073346091,-6.927322920857349,-0.0586725356096033,-25.777935604562657,2.543004062119976,5.9327494039753175
27221.995,5.661271809645727,-6.828145083871767,-0.0477367603173282,-27.827690465721403,3.4690366945137243,5.315074051649957
27222.0,5.714913167430047,-6.736848033462674,-0.0331193847712108,-29.64678211142877,4.458379320003067,4.610126543314046
27222.005,5.787456406033897,-6.656160884749703,-0.0145768349675912,-31.198109714709304,5.494990950981341,3.8239061314371
27222.01,5.8806857847163325,-6.588812752895976,0.0081344630790895,-32.44457244780054,6.562830599057467,2.9624120691413798
27222.015,5.996385562946781,-6.537532752921466,0.0352580834053929,-33.34906948556336,7.645857278188418,2.03164360763912
27222.02,6.13634,-6.50505,0.0670376,-33.8745,8.72803,1.0376
27222.025,6.28717,-6.49547,0.131681,-33.8745,9.76562,0.0
27222.03,6.41167,-6.50983,0.28491,-33.1421,10.6201,-1.0376
27222.035,6.56969,-6.53378,0.378284,-32.4097,11.2305,-2.13623
27222.04,6.73728,-6.58166,0.517148,-31.3721,11.6577,-3.2959
27222.045,6.91924,-6.60321,0.624887,-30.4565,11.7798,-4.3335
27222.05,7.08444,-6.66546,0.720655,-29.2358,11.5967,-5.31006
27222.055,7.22331,-6.73489,0.842759,-28.4424,11.4136,-6.22559
27222.06,7.38132,-6.84263,0.933739,-26.9775,10.9863,-7.32422
27222.065,7.54174,-6.92643,1.02232,-25.5127,10.376,-8.17871
27222.07,7.69975,-7.00304,1.13964,-23.9868,9.8877,-9.0332
27222.075,7.85059,-7.02698,1.20668,-22.7051,9.27734,-9.8877
27222.08,7.9272,-7.02459,1.25217,-21.7896,8.48389,-10.3149
27222.085,7.98945,-6.96473,1.33357,-21.1182,7.87354,-10.9253
27222.09,8.03733,-6.92643,1.36469,-21.0571,7.32422,-11.4136
27222.095,8.05649,-6.85221,1.33836,-20.9961,6.83594,-11.6577
27222.1,8.065426390299265,-6.772619440567951,1.3038020290351384,-20.766415515877974,6.3226753974718255,-11.814723976350828
27222.105,8.069919206030807,-6.701370972545888,1.2727306050362115,-20.383476430174905,5.760101389962483,-11.927352899651204
27222.11,8.070213211953751,-6.638036445944469,1.2450116345297848,-19.85888290504486,5.151932796654194,-11.997344800993822
27222.115,8.066553172815969,-6.582187710932596,1.2205110241114148,-19.204235103430413,4.50188443794192,-12.026457711210645
27222.12,8.059183853376847,-6.533396617657378,1.1990946803672928,-18.431133188652684,3.813671134342509,-12.016449661252617
27222.125,8.048350018378242,-6.491235016162157,1.1806285098380338,-17.551177322297942,3.091007704855351,-11.96907868203396
27222.13,8.034296432576928,-6.455274756599024,1.164978419112023,-16.575967667605333,2.3376089699708764,-11.886102804477789
27222.135,8.017267860725639,-6.425087689082057,1.1520103147609595,-15.517104387293188,1.557189749692212,-11.769280059513964
27222.14,7.997509067592416,-6.40024566374157,1.1415901033632283,-14.386187644926064,0.7534648646148445,-11.620368478191937
27222.145,7.975264817901088,-6.380320530655749,1.1335836914754456,-13.194817601569564,-0.0698508664299281,-11.441126091223788
27222.15,7.950779876417798,-6.364884139958637,1.127856985677801,-11.95459442074004,-0.9090426228622214,-11.233310929636266
27222.155,7.924299007915215,-6.353508341771216,1.1242758925438507,-10.67711826609605,-1.7603955840559484,-10.99868102453927
27222.16,7.8960669771073855,-6.3457649861912735,1.1227063186401631,-9.373989298489908,-2.620194931249117,-10.73899440652016
27222.165,7.866328548765614,-6.341225923342589,1.1230141705418055,-8.056807681557283,-3.4847258438231394,-10.456009106669958
27222.17,7.835328487665581,-6.339463003339611,1.1250653548183824,-6.737173578974723,-4.350273501145651,-10.1514831561475
27222.175,7.803311558514767,-6.3400480762941145,1.1287257780446578,-5.426687151533207,-5.213123084475318,-9.827174585438431
27222.18,7.770522526088023,-6.342552992322419,1.1338613467914551,-4.136948562911726,-6.069559773179168,-9.48484142568656
27222.185,7.737206155138085,-6.346549601538602,1.1403379676304726,-2.8795579758286074,-6.915868747254075,-9.12624170782173
27222.19,7.703607210442172,-6.3516097540527765,1.1480215471274111,-1.6661155538662664,-7.748335186097154,-8.753133463050128
27222.195,7.669970456703972,-6.35730529998664,1.156777991865231,-0.5082214579702001,-8.56324427091893,-8.367274721757594
27222.2,7.636540658700593,-6.363208089450929,1.1664732084104628,0.582524148240978,-9.356881181105091,-7.97042351514039
27222.205,7.603562581208538,-6.368889972555767,1.1769731033269046,1.5945211013440843,-10.125531096103249,-7.564337874426772
27222.21,7.571280988932402,-6.373922799423763,1.1881435832016154,2.516169240100478,-10.865479197031052,-7.150775829954593
27222.215,7.5399406466491,-6.377878420164723,1.1998505545989293,3.3358684010254542,-11.573010663316571,-6.731495412946026
27222.22,7.5097863191328145,-6.380328684891598,1.21195992408162,4.042018420931025,-12.244410674482223,-6.308254654639889
27222.225,7.481062771092251,-6.380845443722289,1.2243375982390887,4.623019138133481,-12.875964411504151,-5.8828115853490734
27222.23,7.454014767302542,-6.379000546768495,1.236849483634353,5.067270389357997,-13.463957053877134,-5.456924236310156
27222.235,7.428887072516416,-6.374365844144288,1.2493614868391103,5.363172011886248,-14.004673781598036,-5.032350638452988
27222.24,7.405924451502464,-6.366513185970735,1.261739514416134,5.499123842961994,-14.494399774326869,-4.610848823012564
27222.245,7.38537166897986,-6.355014422350751,1.273849472955216,5.463525720071787,-14.9294202127754,-4.194176820304306
27222.25,7.367473489718856,-6.339441403402898,1.285557269018983,5.244777480338785,-15.306020276565189,-3.784092661566081
27222.255,7.352474678481984,-6.319365979257608,1.2967288091712323,4.831278961419193,-15.620485145487812,-3.382354378016586
27222.26,7.34062,-6.29436,1.30723,4.21143,-15.8691,-2.99072
27222.265,7.33105,-6.25605,1.31921,3.479,-16.1133,-2.62451
27222.27,7.32147,-6.18422,1.34315,3.05176,-16.4795,-2.38037
27222.275,7.31668,-6.11958,1.37906,2.99072,-16.6626,-2.2583
27222.28,7.31189,-6.07409,1.403,3.05176,-17.0288,-1.77002
27222.285,7.3095,-6.03578,1.42934,3.17383,-17.395,-1.40381
27222.29,7.3095,-5.99987,1.4461,3.2959,-18.0054,-1.09863
27222.295,7.29034,-5.93283,1.45807,3.84521,-18.3105,-0.793457
27222.3,7.27837,-5.88495,1.47243,4.57764,-18.8599,-0.549316
27222.305,7.25204,-5.81312,1.50835,5.18799,-19.4702,-0.244141
27222.31,7.24964,-5.74848,1.55623,5.49316,-19.8975,0.0610352
27222.315,7.22809,-5.6982,1.6089,6.04248,-20.2637,0.366211
27222.32,7.20415,-5.61919,1.65918,6.22559,-20.813,0.305176
27222.325,7.19458,-5.55694,1.66876,6.5918,-21.1792,0.488281
27222.33,7.185,-5.51385,1.74537,6.65283,-21.3623,0.549316
27222.335,7.1419,-5.4899,1.75974,6.65283,-21.6064,0.610352
27222.34,7.13472,-5.46836,1.76213,6.5918,-21.7896,0.671387
27222.345,7.12993,-5.4516,1.76932,6.7749,-21.8506,0.610352
27222.35,7.12754,-5.46357,1.79086,6.89697,-22.2778,0.610352
27222.355,7.12036,-5.46836,1.80523,7.44629,-22.3999,0.610352
27222.36,7.11317,-5.47075,1.86987,7.99561,-22.522,0.793457
27222.365,7.07247,-5.47075,1.901,8.8501,-22.583,0.915527
27222.37,7.07726,-5.47793,1.95127,10.0098,-22.4609,1.0376
27222.375,7.02459,-5.47554,2.04944,11.1694,-22.3389,1.2207
27222.38,7.02459,-5.48512,2.11408,12.5122,-22.1558,1.34277
27222.385,7.01262,-5.48751,2.1883,13.6719,-21.9116,1.34277
27222.39,6.97431,-5.50188,2.24816,14.9536,-21.5454,1.58691
27222.395,6.99586,-5.50188,2.26252,15.686,-20.9961,1.70898
27222.4,6.98867,-5.54497,2.2721,16.6016,-20.5688,1.77002
27222.405,6.97431,-5.57849,2.25773,17.334,-20.1416,2.01416
27222.41,6.94079,-5.64074,2.25773,17.7002,-19.4702,2.2583
27222.415,6.95276,-5.68144,2.29365,18.1885,-18.9819,2.56348
27222.42,6.95276,-5.72932,2.21703,18.4326,-18.3716,2.80762
27222.425,6.95037,-5.77003,2.17633,18.7378,-17.6392,3.35693
27222.43,6.97192,-5.81552,2.16915,19.043,-17.0898,3.66211
27222.435,6.95276,-5.82509,2.1452,19.2871,-16.2964,4.15039
27222.44,6.915314688486764,-5.832744507490673,2.135860670972717,19.48366474703181,-15.512124184427902,4.696522236369408
27222.445,6.874346079019953,-5.845629461424445,2.1473320962528373,19.62364422822622,-14.783546657142608,5.221940591589041
27222.45,6.834622125274868,-5.857081161622952,2.173529186057872,19.68975133601368,-14.038167036994242,5.724536829079095
27222.455,6.800910781039599,-5.86043590787888,2.208366850556421,19.664698962541515,-13.203484945048135,6.202202710765848
27222.46,6.77798,-5.84903,2.24576,19.5312,-12.207,6.65283
27222.465,6.76123,-5.8203,2.29365,19.2871,-11.1084,7.08008
27222.47,6.72531,-5.78439,2.37505,19.043,-10.2539,7.50732
27222.475,6.69898,-5.7413,2.43251,18.9819,-9.27734,7.93457
27222.48,6.69658,-5.68862,2.55701,18.8599,-8.11768,8.23975
27222.485,6.68701,-5.63356,2.63362,18.7988,-6.95801,8.23975
27222.49,6.70137,-5.60004,2.73657,18.8599,-5.7373,8.23975
27222.495,6.70376,-5.54976,2.83234,18.5547,-4.45557,8.11768
27222.5,6.7301,-5.56412,2.85149,18.2495,-3.23486,7.93457
27222.505,6.7325,-5.58807,2.84192,17.9443,-2.13623,7.87354
27222.51,6.73968,-5.70778,2.79643,17.8833,-1.34277,7.99561
27222.515,6.75883,-5.86819,2.70784,18.5547,-0.671387,8.05664
27222.52,6.780756410487981,-6.103430068620489,2.5927657769225365,20.306614549595743,-0.3964763888494595,8.25599008107837
27222.525,6.807931810088406,-6.405742457150192,2.462906315536009,22.96321697185605,-0.5483590131771036,8.652403645279227
27222.53,6.8461710044182125,-6.746057811137772,2.3273769657786585,26.22091211705381,-1.0513202426812909,9.22990816852863
27222.535,6.901288799179712,-7.095306776899129,2.1952930772875123,29.776104842901876,-1.829645448313504,9.972531128084883
27222.54,6.9791,-7.42442,2.07577,33.3252,-2.80762,10.8643
27222.545,7.06768,-7.7213,1.96085,36.499,-3.96729,11.9629
27222.55,7.11796,-8.01339,1.79805,38.8184,-5.31006,13.4277
27222.555,7.19218,-8.29591,1.58257,40.2832,-6.40869,14.8926
27222.56,7.29513,-8.65504,1.30484,40.8325,-7.38525,16.4185
27222.565,7.25922,-8.83939,1.16837,40.7104,-7.14111,18.0054
27222.57,7.22331,-8.98304,1.04148,40.7104,-7.08008,19.6533
27222.575,7.28556,-9.09557,0.960075,40.7104,-5.5542,21.0571
27222.58,7.38372,-9.18416,0.902614,39.3066,-3.78418,22.0947
27222.585,7.48427,-9.32781,0.837971,35.6445,-0.854492,22.1558
27222.59,7.55849,-9.31344,0.873884,31.0669,2.31934,22.0947
27222.595,7.65426,-9.32542,0.888249,26.7334,4.82178,21.7896
27222.6,7.79313,-9.37091,0.926556,21.8506,8.23975,20.9351
27222.605,7.79313,-9.27035,0.988805,16.8457,11.2915,19.6533
27222.61,7.92241,-9.38288,1.0726,12.8174,14.8315,18.6768
27222.615,7.87453,-9.26795,1.34075,8.23975,17.0898,17.0898
27222.620000000003,7.836870506162818,-9.13222595685964,1.6022223575066683,4.500644119920812,18.36778543976792,15.454170361501005
27222.625,7.8733747622445,-9.053102476765128,1.8038365811531205,1.6285634621291594,19.04864399114248,13.93308940201186
27222.63,7.965818765282132,-9.00856201817354,1.9577936262171116,-0.973085258178018,19.322449823195985,12.442474260436343
27222.635,8.09597851214284,-8.97658703974327,2.076294447447135,-3.900895317259685,19.37927710342709,10.898242080142367
27222.64,8.24563,-8.93516,2.17154,-7.75146,19.4092,9.21631
27222.645,8.39647,-8.87052,2.22182,-12.8174,19.5312,7.26318
27222.65,8.49942,-8.79869,2.13084,-18.1274,19.7144,4.94385
27222.655,8.45153,-8.74602,1.98719,-22.3999,20.2637,2.86865
27222.66,8.36773,-8.73405,1.82678,-25.2075,20.9961,1.0376
27222.665,8.28394,-8.61913,1.62806,-26.7944,21.4233,-0.793457
27222.67,8.0924,-8.44674,1.43652,-27.2827,21.6675,-2.2583
27222.675,7.91523,-8.29591,1.30005,-27.4048,21.6675,-3.84521
27222.68,7.73806,-8.19056,1.07739,-26.7334,21.9116,-4.5166
27222.685,7.59201,-7.82665,0.897826,-26.123,22.0337,-5.67627
27222.69,7.36217,-7.64469,0.73502,-25.8179,21.3013,-6.46973
27222.695,7.1036,-7.49146,0.493206,-25.5127,20.6299,-6.7749
27222.7,6.857120452864133,-7.326872521265364,0.2675389426918773,-25.073534795420183,19.74885054404179,-6.717475928321342
27222.705,6.62843705245586,-7.1648931832674165,0.0877421174587948,-24.474476969859577,18.53920670213117,-6.370781580801742
27222.71,6.419030449419685,-7.010152988997111,-0.0477925546492485,-23.701042252438803,17.04000815395924,-5.806087155235776
27222.715,6.230381293949507,-6.867282941108582,-0.1406731528614097,-22.738746370532112,15.290294575825165,-5.094662848080183
27222.72,6.063970236704396,-6.740914042599736,-0.1925077560960695,-21.57310505312799,13.329105647223578,-4.307778856996854
27222.725,5.921277928183873,-6.635677296352698,-0.2049044433861309,-20.189634028717386,11.195481046658932,-3.516705379307479
27222.73,5.803785018963417,-6.556203705296916,-0.1794712937963741,-18.57384902705491,8.928460454324187,-2.79271261281883
27222.735,5.712972159370676,-6.507124272196057,-0.1178163863217169,-16.71126577428901,6.56708354540117,-2.207070753755834
27222.74,5.65032,-6.49307,-0.0215478,-14.5874,4.15039,-1.83105
27222.745,5.62877,-6.51702,0.11971,-12.085,1.77002,-1.58691
27222.75,5.67186,-6.5649,0.316035,-8.8501,-0.427246,-1.15967
27222.755,5.71257,-6.60321,0.483629,-4.94385,-2.62451,-1.09863
27222.76,5.782,-6.66306,0.737414,-0.305176,-4.45557,-1.09863
27222.765,5.85861,-6.7301,0.943315,4.08936,-6.22559,-1.70898
27222.77,5.9065,-6.81869,1.11809,8.36182,-8.05664,-2.0752
27222.775,5.94959,-6.94079,1.27611,12.0239,-9.64355,-2.62451
27222.78,6.00705,-7.11557,1.4437,15.3809,-10.6812,-2.80762
27222.785,6.02621,-7.25683,1.50116,18.2495,-11.4746,-3.11279
27222.79,6.08367,-7.4316,1.6089,20.5078,-12.085,-2.99072
27222.795,6.09803,-7.54174,1.66636,21.8506,-12.5732,-2.86865
27222.8,6.14592,-7.64469,1.71185,22.4609,-12.5732,-2.86865
27222.805,6.17704,-7.74045,1.72143,22.7051,-12.3901,-2.62451
27222.81,6.22492,-7.79313,1.71904,22.4609,-12.207,-2.50244
27222.815,6.30393,-7.88411,1.79565,21.7285,-11.7798,-2.13623
27222.82,6.375756561571765,-7.9084021477194435,1.8665645681056091,20.35842648098214,-11.163385821694824,-1.92607915877384
27222.825,6.429814220681276,-7.855437804991606,1.9087267301915016,18.39530997798361,-10.39405595525957,-1.9237349355909732
27222.83,6.465675598984701,-7.755611388480152,1.9290786082157347,15.951460236189954,-9.475168178606076,-2.0142591329366537
27222.835,6.482913318210019,-7.639317314602743,1.9345623241703296,13.139186995236546,-8.410080267584808,-2.0827135535693264
27222.84,6.4811,-7.53695,1.93212,10.0708,-7.20215,-2.01416
27222.845,6.45956,-7.45794,1.92015,6.89697,-5.85938,-1.83105
27222.85,6.41407,-7.35738,1.88424,3.84521,-4.45557,-1.95312
27222.855,6.33985,-7.2688,1.86748,0.915527,-3.17383,-2.31934
27222.86,6.262167217459785,-7.185643707054543,1.862065598275034,-1.8284641359582616,-1.9395720513443928,-2.7232429098355397
27222.865,6.188045826611194,-7.10297621411337,1.8623267192452904,-4.370411278069743,-0.7216273290033067,-3.1216128700599635
27222.87,6.117471734846261,-7.020935241400259,1.867979690581306,-6.715913006289594,0.4792668502779561,-3.5143118909047137
27222.875,6.050430849720091,-6.939658509319714,1.878740839954906,-8.870567894955013,1.6623731670891082,-3.9012019817295593
27222.88,5.986909078732567,-6.859283738215892,1.8943264950360743,-10.839974520325516,2.826954302912056,-4.282145152186152
27222.885,5.926892329425965,-6.779948648490263,1.914452983478568,-12.629731457422414,3.9722729384025657,-4.657003411655645
27222.89,5.870366509212842,-6.701790960371461,1.9388366329818316,-14.245437285106274,5.097591756709648,-5.025638770335266
27222.895,5.81731752563802,-6.624948394261758,1.967193771202823,-15.692690578269726,6.202173438474787,-5.387913237601689
27222.9,5.767731286236203,-6.549558670559605,1.9992407257869356,-16.977089912295654,7.2852806643998145,-5.743688822850102
27222.905,5.7215936984351226,-6.475759509499373,2.03469382445096,-18.104233865309247,8.346176117543216,-6.092827536249963
27222.91,5.678890669771998,-6.403688631480618,2.07326939484287,-19.079721012576933,9.384122478590932,-6.435191387191683
27222.915,5.639608107746714,-6.333483756847502,2.114683764632653,-19.909149930358243,10.398382429024874,-6.770642385326913
27222.92,5.603731919884016,-6.26528260599304,2.158653261457439,-20.59811919446114,11.388218649615808,-7.099042540070962
27222.925,5.571248013631588,-6.199222899162062,2.204894213051367,-21.152227382144357,12.352893823286486,-7.420253861553447
27222.93,5.542142296516654,-6.1354423567491,2.2531229470533263,-21.577073069115688,13.291670630789651,-7.734138359184498
27222.935,5.516400676056606,-6.074078699142046,2.303055791096418,-21.87825483145916,14.203811752953404,-8.040558042395565
27222.94,5.494009059713872,-6.015269646595677,2.354409072923461,-22.061371245869196,15.088579872587438,-8.339374921284284
27222.945,5.474953355008288,-5.9591529194997,2.406899120168693,-22.13202088834184,15.945237670500214,-8.630451005276623
27222.95,5.459219469439735,-5.905866238198271,2.4602422605021,-22.095802335136643,16.77304782817364,-8.913648304024237
27222.955,5.446793310515937,-5.855547323071051,2.5141548215543006,-21.958314162648648,17.57127302651978,-9.188828826981505
27222.96,5.4376607857187,-5.808333894388888,2.568353131073904,-21.725154946933905,18.33917594818256,-9.455854584200598
27222.965,5.43180780255815,-5.764363672533651,2.622553516691841,-21.401923264315823,19.076019274052246,-9.714587585130024
27222.97,5.4292202685348645,-5.723774377877769,2.6764723060390354,-20.99421769137993,19.781065685109503,-9.964889839242408
27222.975,5.429884091144971,-5.686703730706251,2.7298258268641065,-20.507636803789083,20.45357786386267,-10.206623356553733
27222.98,5.43378517789142,-5.653289451394036,2.78233040679767,-19.947779178069396,21.092818491269,-10.439650146530434
27222.985,5.440909436274094,-5.623669260285283,2.833702373509712,-19.320243390480396,21.69805024881041,-10.663832218824174
27222.99,5.451242773784189,-5.597980877741379,2.8836580546344504,-18.630628017804582,22.268535817566537,-10.879031582933324
27222.995,5.464771097936636,-5.576362024069014,2.9319137779147386,-17.884531635294582,22.8035378798499,-11.085110248822776
27223.0,5.481480316224961,-5.55895041963249,2.978185870983663,-17.08755281968977,23.302319116714607,-11.281930225984318
27223.005,5.501356336133437,-5.545883784783856,3.0221906614800846,-16.24529014787761,23.76414220932016,-11.469353523936688
27223.01,5.524385065190879,-5.537299839848173,3.063644477138194,-15.363342194888585,24.188269839820943,-11.647242152604354
27223.015,5.550552410883855,-5.533336305180707,3.102263645595099,-14.447307537579253,24.57396468934933,-11.81545812149917
27223.02,5.579844280712247,-5.534130901125614,3.137764494520784,-13.502784752209134,24.92048943938721,-11.97386344027278
27223.025,5.612246582151235,-5.539821348021101,3.169863351563185,-12.535372415748617,25.227106771208117,-12.12232011847248
27223.03,5.647745222747858,-5.550545366219522,3.1982765444391683,-11.550669103046047,25.493079366740563,-12.260690165966032
27223.035,5.686326109979554,-5.566440676062694,3.222720400794091,-10.554273391057205,25.71766990722878,-12.38883559229344
27223.04,5.727975151314787,-5.587644997877384,3.242911248284862,-9.551783856771872,25.9001410740374,-12.506618407024456
27223.045,5.772678254314055,-5.614296052038522,3.2585654146110192,-8.548799074987363,26.039755548914304,-12.613900619982214
27223.05,5.820421326448052,-5.646531558876792,3.269399227426276,-7.550917622691079,26.13577601319324,-12.710544240728884
27223.055,5.871190275216659,-5.6844892387363455,3.2751290144006155,-6.5637380761425455,26.1874651483561,-12.796411278916114
27223.06,5.924971008079533,-5.7283068119273,3.2754711032058026,-5.592859012300402,26.194085635896556,-12.871363744145023
27223.065,5.981749432614826,-5.778121998857491,3.2701418215124898,-4.643879006007969,26.154900157306585,-12.935263646176423
27223.07,6.041511456284384,-5.834072519841346,3.258857496988419,-3.7223966342377866,26.069171394046805,-12.987972994603435
27223.075,6.1042429865413705,-5.896296095175435,3.241334457318664,-2.834010473882369,25.93616202771328,-13.029353799051766
27223.08,6.169929930976961,-5.964930445294383,3.2172890301478807,-1.984319099905076,25.75513473959481,-13.059268069233363
27223.085,6.238558197046471,-6.040113290499369,3.1864375431564977,-1.1789210892245368,25.525352211252777,-13.077577814765627
27223.09,6.310113692249784,-6.121982351134555,3.148496324014502,-0.4234150181002774,25.246077124169105,-13.084145045300222
27223.095,6.384582324031541,-6.210675347477053,3.103181700427597,0.2766005367203925,24.91657216008389,-13.078831770497011
27223.1,6.46195,-6.30633,3.05021,0.915527,24.5361,-13.0615
27223.105,6.53617,-6.4021,2.98557,1.52588,24.1089,-13.0615
27223.11,6.60081,-6.4811,2.90656,2.2583,23.6206,-13.1226
27223.115,6.70616,-6.57208,2.85389,3.05176,22.9492,-13.0005
27223.120000000003,6.811934494999637,-6.653975965792797,2.8187306954368423,3.4814377075923564,22.095751340488512,-12.713956483144424
27223.125,6.903936448209987,-6.71941339732079,2.7953113480948337,3.4914634856923925,21.085558485243997,-12.29933563671572
27223.13,6.9825471086759485,-6.769182411201559,2.78306077264254,3.1463192922254364,19.9396220915126,-11.773260131650902
27223.135,7.048147725236865,-6.804073123904432,2.7814077838035045,2.5104870849891845,18.678942818703785,-11.15235263975752
27223.140000000003,7.101119546803987,-6.824875651952238,2.7897811962800243,1.648448821933474,17.32452132554647,-10.453235832586026
27223.145,7.141843822263295,-6.832380111867001,2.8076098247581296,0.6246864617962249,15.897358271829338,-9.692532382258737
27223.15,7.170701800585072,-6.82737662018199,2.834322483966408,-0.4963180390015909,14.418454314191784,-8.886864959209044
27223.155,7.188074730646526,-6.810655293409839,2.86934798859756,-1.6500827218162686,12.908810112377209,-8.052856235520503
27223.16,7.19434386135829,-6.783006248097278,2.912115153320089,-2.7721256279087503,11.389426326218478,-7.207128883359146
27223.165,7.189890441640507,-6.745219600726428,2.962052792898876,-3.7979648010010862,9.881303612220778,-6.366305573034646
27223.17,7.175095720395874,-6.698085467836361,3.018589722007852,-4.663118282307684,8.405442630217538,-5.547008976710559
27223.175,7.150340946557179,-6.642393965993349,3.0811547553017404,-5.303104113510607,6.982844039948275,-4.765861766487783
27223.18,7.116007368999423,-6.578935211638703,3.149176707574231,-5.653440337630417,5.63450849805903,-4.039486612769975
27223.185,7.072476236648281,-6.508499321332762,3.222084393484225,-5.649644996161889,4.381436664335713,-3.38450618769184
27223.19,7.020128798415012,-6.431876411598358,3.299306627734024,-5.227236131155186,3.244629197507251,-2.8175431628038305
27223.195,6.959346303258062,-6.34985659901977,3.3802722249657933,-4.321731785510698,2.245086756974793,-2.355220209950682
27223.2,6.89051,-6.26323,3.46441,-2.86865,1.40381,-2.01416
27223.205,6.81869,-6.18183,3.54342,-0.793457,0.793457,-1.83105
27223.21,6.75644,-6.14113,3.60327,1.95312,0.549316,-1.89209
27223.215,6.67743,-6.14352,3.68228,5.18799,0.366211,-2.13623
27223.22,6.56251,-6.16986,3.72298,8.78906,0.183105,-2.2583
27223.225,6.43561,-6.18183,3.77087,12.6953,0.12207,-2.01416
27223.23,6.31112,-6.21056,3.81636,16.4185,0.0610352,-1.89209
27223.235,6.21774,-6.22492,3.83551,19.8975,0.183105,-1.70898
27223.24,6.14113,-6.16507,3.88818,22.7661,0.183105,-1.52588
27223.245,6.10521,-6.14113,3.94564,23.7427,0.12207,-2.2583
27223.25,6.08845,-6.33027,3.96001,25.2686,0.671387,-2.13623
27223.255,6.09803,-6.46195,3.99592,26.6113,1.15967,-2.13623
27223.26,6.129155018546373,-6.56696061772564,4.044238782722045,27.586683581686323,1.6511183399759854,-2.452323913371828
27223.265,6.178784977722163,-6.674683156905222,4.096241972691029,28.252395400626348,2.222990148845876,-3.006789852497746
27223.27,6.246067113219211,-6.7837653522771495,4.150720800949589,28.610142139239517,2.8749755357502504,-3.772961493318391
27223.275,6.330148660627134,-6.892854938344692,4.206466498427308,28.66163047838072,3.606764608610447,-4.724172510631433
27223.28,6.430176855486653,-7.0005996496110905,4.262270296050081,28.40856709979619,4.41804747511554,-5.833756578696008
27223.285,6.54529893356295,-7.105647220814788,4.316923424866078,27.85265868456837,5.308514244754502,-7.075047374260554
27223.29,6.674662130408039,-7.206645386457553,4.369217115800796,26.99561191422251,6.277855025274134,-8.421378571689736
27223.295,6.817413681641016,-7.302241881120212,4.417942599820461,25.839133470210324,7.325759924982643,-9.846083846101166
27223.3,6.972700822763648,-7.391084439321736,4.461891107861359,24.38493003514952,8.451919051340461,-11.322496871525884
27223.305,7.139670789621516,-7.471820795773046,4.499853870954397,22.634708288374625,9.656022514294753,-12.823951325246128
27223.31,7.317470817725194,-7.543098684987711,4.530622120031948,20.59017491228733,10.937760421362771,-14.32378088132086
27223.315,7.505248142553734,-7.603565841506819,4.552987086047314,18.253036590145893,12.296822879835826,-15.79531921381377
27223.32,7.70215,-7.65187,4.56574,15.625,13.7329,-17.2119
27223.325,7.90326,-7.71651,4.56095,12.8174,15.1978,-18.5547
27223.33,8.10198,-7.87932,4.51307,10.1318,16.4795,-19.6533
27223.335,8.31746,-8.02297,4.42448,7.08008,17.5171,-19.9585
27223.34,8.49101959439084,-8.11055767083342,4.298314670926351,3.389173971260805,18.538850563524765,-19.955939592248225
27223.345,8.62155420504825,-8.162250655385938,4.140229927869154,-0.7680066242114849,19.495534592259368,-19.82374893690514
27223.35,8.729473018445173,-8.203668804498355,3.957121849473741,-5.130512202401116,20.24651333876701,-19.576868485621556
27223.355,8.835185221274456,-8.260431969088827,3.755886513974145,-9.437393188984386,20.65114805722644,-19.23023868946224
27223.36,8.9591,-8.35816,3.54342,-13.4277,20.5688,-18.7988
27223.365,9.09318,-8.48984,3.33512,-16.7847,20.0195,-18.2495
27223.37,9.1674,-8.55209,3.16274,-19.165,19.4092,-17.4561
27223.375,9.23444,-8.5473,2.99515,-20.813,18.4326,-16.6016
27223.38,9.21768,-8.51857,2.82037,-21.7285,17.1509,-15.7471
27223.385,9.13627,-8.48026,2.71742,-22.1558,15.7471,-14.7095
27223.39,8.96629,-8.37731,2.59531,-21.9727,14.3433,-13.4277
27223.395,8.69095,-8.27676,2.49476,-20.9961,13.1836,-11.8408
27223.4,8.41322,-8.16662,2.39181,-19.2261,11.8408,-10.5591
27223.405,8.1355,-8.03015,2.36308,-16.8457,10.7422,-9.15527
27223.41,7.97987,-7.9296,2.24576,-13.9771,9.64355,-7.69043
27223.415,7.75003,-7.80989,2.16915,-11.0474,9.33838,-6.53076
27223.42,7.50822,-7.67102,2.02071,-7.87354,9.21631,-5.31006
27223.425,7.22809,-7.54174,1.83875,-4.94385,9.15527,-4.45557
27223.43,6.94318,-7.49385,1.62806,-2.38037,9.0332,-3.84521
27223.435,6.58884,-7.44597,1.35751,-0.12207,9.09424,-3.23486
27223.44,6.20098,-7.41245,1.1133,1.64795,9.0332,-2.13623
27223.445,5.92086,-7.39569,0.873884,2.74658,8.78906,-1.28174
27223.45,5.55934,-7.42681,0.632069,3.11279,8.36182,-0.244141
27223.455,5.37498,-7.44597,0.363919,2.44141,7.75146,1.15967
27223.460000000003,5.232310699188537,-7.426566169921722,0.1324514645568943,1.0240676946168188,7.267338997906665,2.339295936568893
27223.465,5.087475044959645,-7.370815350780424,-0.0427783006903272,-1.074629913165985,7.020207116470441,3.1712625166253217
27223.47,4.959865041015355,-7.284304446625925,-0.1606928983604945,-3.898987370201645,7.045653735909957,3.700281129086128
27223.475,4.868872691435346,-7.172620361709644,-0.2202149306469011,-7.493309216136433,7.379268236731902,3.971063160844285
27223.48,4.83389,-7.04135,-0.220267,-11.9019,8.05664,4.02832
27223.485,4.86502,-6.88572,-0.162806,-16.9678,9.0332,3.78418
27223.49,4.94642,-6.69898,-0.0574608,-22.0337,10.0708,2.99072
27223.495,5.09247,-6.57927,0.071826,-27.2217,11.3525,2.2583
27223.5,5.29119,-6.49307,0.155623,-32.1655,13.0005,1.09863
27223.505,5.4899,-6.4021,0.308852,-36.7432,14.6484,0.0610352
27223.51,5.71496,-6.36139,0.493206,-40.5884,16.3574,-1.2207
27223.515,5.93762,-6.2776,0.634463,-43.9453,18.1274,-2.44141
27223.52,6.14592,-6.25605,0.792481,-46.7529,19.8364,-3.78418
27223.525,6.359,-6.22732,0.909797,-48.584,21.3013,-4.76074
27223.53,6.57687,-6.19859,1.04148,-49.4995,22.522,-6.16455
27223.535,6.77559,-6.21774,1.13964,-49.8047,23.3765,-7.56836
27223.54,7.00065,-6.2752,1.26893,-49.4995,23.9868,-8.97217
27223.545,7.19936,-6.32787,1.38145,-48.5229,24.1089,-10.1929
27223.55,7.40287,-6.41167,1.50116,-47.1802,24.0479,-11.6577
27223.555,7.59201,-6.51462,1.63045,-45.4102,23.3154,-13.0005
27223.56,7.771610414633623,-6.559920248348213,1.731776300988522,-43.63629703650872,22.482569738331023,-14.115978158499203
27223.565,7.942381889295479,-6.539386461142325,1.7994973825516971,-41.96891012509965,21.72891004704245,-15.025234631297666
27223.57,8.100644780591624,-6.466520077323399,1.8383902210069167,-40.39090320234298,21.034191865431524,-15.745545557391436
27223.575,8.242719444749467,-6.35482253586319,1.8532317925149984,-38.88514020847472,20.378186134454623,-16.294187073729397
27223.58,8.364926238043529,-6.2177952758464645,1.848799073306758,-37.43448508352053,19.74066379495546,-16.688435317760046
27223.585,8.463585517009198,-6.068939736044765,1.8298690395945876,-36.02180176436598,19.101395786400275,-16.945566427729997
27223.59,8.5350176379052,-5.9217573555293415,1.8012186675970163,-34.62995419107064,18.440153049638862,-17.082856540981705
27223.595,8.575542957086855,-5.789749573279319,1.7676249335357834,-33.241806302620624,17.7367065250529,-17.117581795198543
27223.6,8.581481830918639,-5.686417828335308,1.7338648136560924,-31.840222039030916,16.97082715360894,-17.067018328127524
27223.605,8.549154615766739,-5.625263559517874,1.7047152841276567,-30.408065337258417,16.122285874586424,-16.948442277367963
27223.61,8.47488166796913,-5.619788205893405,1.6849533211972971,-28.9282001373021,15.17085362889911,-16.7791297806111
27223.615,8.35498334398586,-5.683493206366233,1.6793559010845134,-27.383490379299737,14.096301357760217,-16.57635697569584
27223.62,8.18578,-5.82988,1.6927,-25.7568,12.8784,-16.3574
27223.625,8.02776,-5.95677,1.69509,-24.0479,11.4746,-15.9302
27223.63,8.00621,-5.78679,1.63524,-22.4609,10.0098,-14.7705
27223.635,7.80749,-5.76524,1.70467,-21.2402,9.0332,-13.855
27223.64,7.74045,-5.6144,1.6496,-19.4702,7.69043,-13.2446
27223.645,7.58962,-5.50906,1.70707,-18.1885,6.5918,-12.3901
27223.65,7.50103,-5.31992,1.79326,-16.9067,5.18799,-11.9019
27223.655,7.36935,-5.29119,1.80762,-15.8691,3.90625,-11.5967
27223.66,7.27598,-5.21457,1.84832,-14.2212,1.89209,-11.4136
27223.665,7.19458,-5.12838,1.86269,-13.3667,0.610352,-11.1694
27223.67,7.11796,-5.10204,1.92973,-12.207,-1.0376,-11.0474
27223.675,7.09881,-5.11401,1.901,-10.8643,-2.74658,-10.8032
27223.68,7.11078,-5.23133,1.93451,-9.0332,-4.39453,-10.3149
27223.685,7.13233,-5.31992,1.95367,-6.89697,-6.16455,-9.8877
27223.69,7.12993,-5.39653,1.97761,-4.21143,-7.8125,-9.58252
27223.695,7.17782,-5.44681,2.01113,-1.52588,-9.58252,-9.21631
27223.7,7.238058574066391,-5.497345758851417,2.038991409948455,0.9035804425284572,-11.276761023427008,-8.745117078946539
27223.705,7.293648641927483,-5.555187468448698,2.05917668632238,3.048174812053036,-12.816461224880696,-8.181785171743245
27223.71,7.343434478034796,-5.617518389977916,2.0734155686271185,4.900478876918087,-14.19822394127818,-7.541446657329783
27223.715,7.386260356946838,-5.68152178476386,2.083437796396304,6.453068409407516,-15.418652512496458,-6.839233913214577
27223.72,7.420970553110488,-5.744380913994843,2.0909731091315824,7.698519177650302,-16.47435027533649,-6.090279318286767
27223.725,7.446409341011105,-5.803279038903244,2.097751246346917,8.629406951230392,-17.361920567662487,-5.309715250995773
27223.73,7.461420995127194,-5.855399420686666,2.105501947549855,9.238307499407636,-18.07796672688088,-4.512674090373254
27223.735,7.464849789966658,-5.897925320655036,2.1159549522645875,9.517796592656548,-18.61909209189992,-3.714288213699604
27223.74,7.45554,-5.92804,2.13084,9.46045,-18.9819,-2.92969
27223.745,7.44357,-5.9448,2.14042,8.97217,-19.2871,-2.19727
27223.75,7.44836,-5.95677,2.12366,7.93457,-19.7754,-1.52588
27223.755,7.40766,-5.97114,2.14042,7.08008,-19.8364,-0.732422
27223.76,7.38372,-5.96396,2.13563,6.16455,-20.1416,-0.244141
27223.765,7.35738,-5.94241,2.13323,5.12695,-20.2637,0.366211
27223.77,7.33105,-5.91368,2.1452,4.27246,-20.2637,0.854492
27223.775,7.27358,-5.89931,2.16436,3.54004,-20.3857,1.52588
27223.78,7.24007,-5.85143,2.15957,2.86865,-20.2637,1.83105
27223.785,7.21852,-5.78439,2.17154,2.13623,-20.2637,2.19727
27223.79,7.20655,-5.7389,2.24576,2.01416,-20.0806,2.50244
27223.795,7.22809,-5.71496,2.26731,1.77002,-19.9585,2.68555
27223.8,7.254674098128356,-5.694206861752451,2.2764557552953963,1.708004829397588,-19.97524488603796,2.8584458168876004
27223.805,7.277383845528603,-5.6728684581164766,2.292231307820503,1.9357442994896563,-20.108528529582195,3.0527950312526846
27223.81,7.296627572462503,-5.651595000990754,2.3138366040116027,2.402550308332906,-20.336402129912617,3.2721229445864712
27223.815,7.31281360923241,-5.631036702227311,2.340471590354551,3.057734755108388,-20.636916886848898,3.5199548588667304
27223.82,7.3263502860977106,-5.611843773725112,2.3713362132895823,3.850609538028307,-20.98812399973177,3.79981607560414
27223.825,7.337645933333004,-5.594666427367534,2.405630419270625,4.730486555563688,-21.368074668035987,4.1152318964594405
27223.83,7.347108881206574,-5.58015487504739,2.4425541547239824,5.646677705518021,-21.7548200909578,4.469727622820376
27223.835,7.355147460006538,-5.5689593286265495,2.4813073661578,6.548494887726301,-22.12641146854807,4.8668285568614085
27223.84,7.36217,-5.56173,2.52109,7.38525,-22.4609,5.31006
27223.845,7.36935,-5.55934,2.55701,8.17871,-22.8271,5.7373
27223.85,7.37175,-5.55934,2.57856,9.09424,-23.3765,5.98145
27223.855,7.34541,-5.54976,2.6025,9.8877,-23.5596,6.28662
27223.86,7.315582503793858,-5.539845606900216,2.615281401800699,10.561411873769902,-23.71784167174437,6.509628507190134
27223.865,7.287574211869739,-5.533872435834159,2.6138819338619417,11.144511041770851,-23.93152645615952,6.6315859249348525
27223.87,7.257480668068492,-5.533095461317648,2.60082376503369,11.647104272573117,-24.133230404567666,6.703074089050554
27223.875,7.221397416165944,-5.538769657866242,2.578629064132244,12.079298335811044,-24.2555295687515,6.774674835472911
27223.88,7.17542,-5.55215,2.54982,12.4512,-24.231,6.89697
27223.885,7.12036,-5.5737,2.52588,12.6953,-24.0479,7.08008
27223.89,7.06289,-5.60243,2.51391,12.5732,-23.8647,7.26318
27223.895,6.98867,-5.64553,2.45885,12.3291,-23.6206,7.56836
27223.9,6.95037,-5.69581,2.48997,12.207,-23.1323,7.75146
27223.905,6.92882,-5.70778,2.43969,12.0239,-22.644,7.87354
27223.91,6.90248,-5.77003,2.478,11.9629,-21.9116,8.11768
27223.915,6.89291,-5.78679,2.4756,11.9019,-21.4844,8.30078
27223.92,6.89769,-5.77721,2.48758,11.7188,-20.6909,8.30078
27223.925,6.91924,-5.76524,2.52588,11.2305,-19.7144,8.30078
27223.93,6.90009,-5.75087,2.58095,10.7422,-18.9209,8.23975
27223.935,6.92164,-5.76524,2.62883,10.0098,-17.8833,8.11768
27223.94,6.92403,-5.74369,2.61447,9.58252,-16.9678,7.99561
27223.945,6.91445,-5.72454,2.6839,9.0332,-15.9302,7.75146
27223.95,6.95276,-5.71017,2.71024,8.30078,-14.7705,7.50732
27223.955,6.95516,-5.67665,2.77009,7.44629,-13.855,7.20215
27223.96,6.99586,-5.66947,2.75333,6.53076,-12.8784,7.01904
27223.965,7.02698,-5.67426,2.75573,5.43213,-11.9629,6.71387
27223.97,7.07965,-5.65032,2.73178,4.39453,-11.0474,6.16455
27223.975,7.12754,-5.63834,2.76291,3.479,-10.1318,5.7373
27223.98,7.16345,-5.64074,2.7653,2.56348,-9.33838,5.49316
27223.985,7.20894,-5.61919,2.81079,2.0752,-8.30078,4.94385
27223.99,7.22809,-5.58807,2.81558,2.13623,-7.62939,4.3335
27223.995,7.2688,-5.533,2.85628,2.74658,-7.20215,3.54004
27224.0,7.29513,-5.50906,2.90417,2.80762,-6.46973,3.11279
27224.005,7.29992,-5.46117,2.95205,3.35693,-5.61523,2.56348
27224.01,7.35259,-5.41808,3.00951,3.66211,-4.94385,2.0752
27224.015,7.37414,-5.41329,3.03585,3.66211,-4.45557,1.64795
27224.02,7.41005,-5.37498,3.0143,3.23486,-3.96729,1.28174
27224.025,7.42681,-5.39653,2.96402,2.01416,-3.35693,1.34277
27224.03,7.434,-5.54497,2.87304,1.09863,-3.23486,1.40381
27224.035,7.44357,-5.782,2.65756,0.427246,-3.2959,1.77002
27224.04,7.42442,-6.12916,2.44209,1.09863,-4.27246,2.0752
27224.045,7.37893,-6.5242,2.28407,3.90625,-5.5542,2.44141
27224.05,7.37175,-6.91924,2.16675,8.11768,-7.20215,2.99072
27224.055,7.35259,-7.20655,2.19069,13.0005,-8.97217,3.66211
27224.06,7.38372,-7.29513,2.28167,17.334,-10.6812,4.69971
27224.065,7.45076,-7.24485,2.49715,19.9585,-11.8408,5.61523
27224.07,7.53216,-7.11557,2.73178,20.6299,-12.5122,6.22559
27224.075,7.61596,-6.97431,2.90417,19.7754,-12.4512,6.28662
27224.08,7.72609,-6.92882,2.9305,17.2729,-11.8408,6.16455
27224.085,7.76679,-6.98149,2.74854,13.5498,-10.7422,5.67627
27224.09,7.77158,-7.11796,2.42772,8.97217,-9.64355,5.24902
27224.095,7.67102,-7.36935,1.96803,4.57764,-8.66699,5.24902
27224.1,7.63511,-7.68539,1.48919,0.12207,-7.56836,5.5542
27224.105,7.53455,-7.96072,1.10373,-3.479,-6.71387,6.40869
27224.11,7.54892,-8.23605,0.845153,-5.49316,-6.65283,7.50732
27224.115,7.60159,-8.4228,0.730232,-6.83594,-7.01904,8.66699
27224.120000000003,7.703506021187938,-8.473129685247649,0.8170607634459641,-7.429513255562448,-7.290284721239328,9.291566535769432
27224.125,7.862625625402489,-8.423467003126069,1.0611248184469182,-7.638095761494814,-7.365552477282616,9.22635491270916
27224.13,8.072780219168529,-8.32661247833812,1.387470291939052,-8.044277639941603,-7.250266872745021,8.47043702160659
27224.135,8.327801208479556,-8.23536663574865,1.7211433101012168,-9.23064901158754,-6.949851512294663,7.022894754444923
27224.14,8.62152,-8.20253,1.98719,-11.7798,-6.46973,4.88281
27224.145,8.94713,-8.24084,2.14042,-15.8081,-5.98145,2.13623
27224.15,9.27753,-8.24324,2.24097,-19.9585,-5.98145,-0.976562
27224.155,9.52174,-8.25521,2.26491,-23.8037,-6.28662,-4.5166
27224.16,9.68455,-8.37731,2.08296,-26.7334,-7.62939,-7.56836
27224.165,9.93354,-8.44435,1.92015,-28.5645,-8.66699,-10.2539
27224.17,10.0269,-8.57364,1.64721,-29.541,-9.33838,-12.6343
27224.175,10.2639,-8.4659,1.48201,-29.1138,-9.15527,-14.4043
27224.18,10.5489,-8.11156,1.41258,-28.4424,-8.05664,-15.8691
27224.185,10.4627,-7.86735,1.42216,-28.1982,-6.34766,-16.6626
27224.19,10.2927,-7.52737,1.37427,-27.8931,-5.24902,-16.6626
27224.195,9.73961,-7.50103,1.22104,-27.4658,-4.82178,-15.9302
27224.2,9.35654,-7.42681,1.12527,-25.9399,-5.31006,-14.6484
27224.205,9.18895,-7.24725,1.07978,-23.3765,-5.5542,-13.5498
27224.21,8.98783,-7.06289,0.960075,-20.2026,-5.92041,-12.6343
27224.215,8.77235,-6.90009,0.842759,-17.2729,-6.04248,-11.5356
27224.22,8.4635,-6.76123,0.730232,-14.4653,-5.92041,-10.0708
27224.225,8.08043,-6.57448,0.591368,-11.7798,-5.98145,-8.42285
27224.23,7.64947,-6.36379,0.474052,-9.64355,-6.16455,-6.5918
27224.235,7.25204,-6.17465,0.3304,-7.8125,-6.95801,-4.88281
27224.24,6.81869,-6.04536,0.280122,-5.92041,-7.26318,-3.35693
27224.245,6.49307,-5.91128,0.150835,-3.90625,-7.99561,-2.01416
27224.25,6.15549,-5.77481,0.0670376,-2.62451,-8.78906,-0.915527
27224.255,5.86101,-5.67186,0.035913,-1.83105,-8.66699,0.12207
27224.26,5.591555501530729,-5.610881299510356,0.0571049977885877,-1.1584516106298992,-9.19121248306241,0.9533408626269811
27224.265,5.347848354903903,-5.587398264856103,0.1219973358873529,-0.442253004549244,-10.60089250163226,1.569274426937273
27224.27,5.145973457307355,-5.595601580429933,0.2160374751506065,0.4442374075149009,-12.5968522799435,2.025920560456832
27224.275,5.002015706561725,-5.629681930652413,0.3246728762155004,1.6277112123803454,-14.879914037564456,2.3793291290964307
27224.28,4.93206,-5.68383,0.433351,3.23486,-17.1509,2.68555
27224.285,4.93445,-5.75087,0.545878,5.37109,-19.2261,2.92969
27224.29,4.96079,-5.82988,0.708684,8.05664,-21.3623,2.99072
27224.295,5.02782,-5.9472,0.876278,11.1694,-23.6816,3.23486
27224.3,5.124641835396549,-6.076454588105789,1.0263592162648711,14.22114029887676,-25.74897383118389,3.629534147220487
27224.305,5.243282607662246,-6.207286611151568,1.158180115782349,17.073647151397267,-27.456232227940568,4.121727950514358
27224.31,5.380007071668401,-6.337906129116558,1.2731406314175584,19.706450649282637,-28.81805922461623,4.691405418663858
27224.315,5.531079982592701,-6.46652320226567,1.3726406962799165,22.099080889928327,-29.849138858398643,5.318530561730202
27224.32,5.692766095318254,-6.591347890577319,1.4580802432227888,24.231067964888148,-30.56415516338798,5.983067388544721
27224.325,5.861330164821522,-6.710590254125254,1.530859205189152,26.081941967713927,-30.977792174799205,6.664979908327491
27224.33,6.033036945953802,-6.822460352904945,1.5923775150809782,27.631232990944927,-31.10473392785563,7.344232129810191
27224.335,6.204151193943678,-6.925168247154015,1.6440351059299148,28.858471130399888,-30.95966445794801,8.000788063213479
27224.34,6.370937663643376,-7.01692399686192,1.6872319106302505,29.743186478391184,-30.55726780009641,8.614611717259812
27224.345,6.529661110029355,-7.095937662102404,1.7233678621249604,30.264909128470656,-29.91222798951577,9.16566710116926
27224.35,6.676586287976373,-7.160419302908026,1.7538428933365668,30.403169174233984,-29.0392290621356,9.63391822385618
27224.355,6.807977952676966,-7.208578979447451,1.7800569372515445,30.13749670944663,-27.95295505189155,9.999329095234192
27224.36,6.920100858995946,-7.238626751742005,1.8034099267888049,29.44742182741782,-26.6680899945526,10.241863724150116
27224.365,7.0092197619097725,-7.248772679865439,1.825301794891323,28.312474621699383,-25.1993179253337,10.34148611982402
27224.37,7.071599416360158,-7.237226823908227,1.8471324744858748,26.71218518718178,-23.561322880699585,10.278160291586197
27224.375,7.103504577416603,-7.2021992439284,1.8703018985463535,24.62608361510051,-21.768788893472703,10.03185024857671
27224.38,7.1012,-7.1419,1.89621,22.0337,-19.8364,9.58252
27224.385,7.07247,-7.07247,1.91536,19.043,-17.8223,9.09424
27224.39,7.04135,-7.04614,1.88663,16.1133,-15.8691,9.15527
27224.395,6.98149,-6.98389,1.82199,13.2446,-13.855,9.33838
27224.4,6.9767,-6.82587,1.78368,10.437,-11.7798,9.21631
27224.405,6.87375,-6.76601,1.75256,7.69043,-9.76562,8.97217
27224.41,6.70855,-6.77798,1.72143,5.61523,-8.05664,9.0332
27224.415,6.608,-6.70376,1.71904,3.84521,-6.71387,8.97217
27224.42,6.50265,-6.66067,1.74537,2.80762,-5.18799,8.72803
27224.425,6.40688,-6.60081,1.75734,2.0752,-4.15039,8.48389
27224.43,6.36618,-6.53138,1.80762,1.83105,-3.11279,8.30078
27224.435,6.29196,-6.46434,1.82199,1.77002,-2.13623,7.93457
27224.44,6.24408,-6.42125,1.81959,1.70898,-1.34277,7.56836
27224.445,6.16028,-6.35182,1.79805,1.89209,-0.732422,7.01904
27224.45,6.11958,-6.33985,1.81002,2.31934,-0.183105,6.7749
27224.455,6.09803,-6.31351,1.78129,2.74658,0.183105,6.28662
27224.46,6.07648,-6.30872,1.76932,3.17383,0.488281,6.16455
27224.465,6.08845,-6.26563,1.74058,3.41797,0.793457,5.92041
27224.47,6.10761,-6.2776,1.7358,3.72314,1.09863,5.92041
27224.475,6.11,-6.24887,1.71904,3.90625,1.15967,5.92041
27224.48,6.112184973933188,-6.213876617206785,1.7028500830811006,3.96716696567463,1.25925324073577,5.929698179381656
27224.485,6.118841175691059,-6.189006258257958,1.6944318182491365,3.93166611372221,1.483143830001626,5.969528242819812
27224.49,6.128959617742546,-6.171841364129773,1.6940255903174404,3.808548993982418,1.821936958725608,6.027947241703797
27224.495,6.141531312580302,-6.159964375764695,1.7018717841012874,3.6066171559911138,2.2662278186204934,6.093002227561574
27224.5,6.155547272675418,-6.150957734143704,1.7182107844199277,3.3346721495274254,2.806611600694503,6.152740251791657
27224.505,6.169998510505207,-6.142403880232781,1.7432829760893722,3.0015155243117104,3.4336834961617044,6.195208365829747
27224.51,6.18387603853734,-6.1318852550068605,1.777328743897538,2.615948830361792,4.138038695697841,6.20845362111544
27224.515,6.19617086926994,-6.116984299418078,1.8205884727098327,2.186773616831617,4.910272391547653,6.180523069110959
27224.52,6.205874015169892,-6.095283454439063,1.8733025473207905,1.7227914337040795,5.740979774439696,6.099463761230291
27224.525,6.211976488714512,-6.064365161035793,1.9357113525464216,1.2328038306995357,6.620756035588034,5.95332274890914
27224.53,6.213469302381949,-6.021811860210029,2.008055273146428,0.7256123579114958,7.540196365525604,5.7301470837765125
27224.535,6.2093434686523015,-5.965205992867292,2.090574694041948,0.2100185643169189,8.489895956810134,5.417983816950596
27224.54,6.19859,-5.89213,2.18351,-0.305176,9.46045,5.00488
27224.545,6.17225,-5.81791,2.27928,-0.793457,10.437,4.5166
27224.55,6.13634,-5.7796,2.34871,-1.15967,11.3525,4.02832
27224.555,6.19619,-5.66947,2.42533,-1.52588,12.3901,3.35693
27224.56,6.20816,-5.54737,2.58334,-2.44141,14.1602,2.68555
27224.565,6.08606,-5.64553,2.63841,-2.92969,14.7705,2.2583
27224.57,5.9472,-5.68623,2.67193,-2.44141,15.686,1.77002
27224.575,5.92804,-5.65989,2.7653,-1.52588,16.5405,1.15967
27224.58,5.94959,-5.57131,2.8491,-0.610352,17.4561,0.732422
27224.585,5.93523,-5.58567,2.8922,0.427246,18.2495,0.244141
27224.59,5.9448,-5.59525,2.91614,1.34277,18.9819,-0.366211
27224.595,5.94959,-5.62398,2.95923,2.44141,19.7144,-0.854492
27224.6,5.87058,-5.67426,2.95923,3.84521,20.2637,-1.46484
27224.605,5.92086,-5.71257,2.97599,5.37109,20.9961,-2.01416
27224.61,5.96156,-5.78679,2.98557,6.7749,21.4233,-2.50244
27224.615,6.03578,-5.8634,2.97839,8.23975,22.0337,-2.92969
27224.620000000003,6.140939437606124,-5.965338926109106,2.921296277312736,9.625326507518698,22.49364406781281,-3.323457747647652
27224.625,6.271196726563495,-6.096016564315427,2.817636682625613,10.85672238856496,22.68664666607961,-3.67579289913751
27224.63,6.428841296835852,-6.247550739583181,2.6831469491894206,11.908025016897042,22.63746723057689,-3.96552117709898
27224.635,6.616162577965762,-6.412059276473557,2.533562810586231,12.753321762976586,22.3708651968478,-4.171468303247683
27224.64,6.83545,-6.58166,2.38462,13.3667,21.9116,-4.27246
27224.645,7.07247,-6.73489,2.25773,13.7329,21.3013,-4.27246
27224.65,7.2664,-6.81629,2.18351,13.7939,20.5688,-4.27246
27224.655,7.41963,-6.84023,2.16915,13.3057,19.6533,-4.3335
27224.66,7.54652,-6.83545,2.24576,12.2681,19.043,-4.3335
27224.665,7.62793,-6.78277,2.3128,10.2539,18.5547,-4.27246
27224.67,7.71651,-6.69419,2.48279,7.99561,18.0054,-4.39453
27224.675,7.85298,-6.62954,2.65756,5.67627,17.7002,-4.63867
27224.68,7.98706,-6.57208,2.86107,3.96729,17.8223,-4.76074
27224.685,8.04691,-6.48589,3.00712,2.86865,17.7002,-4.82178
27224.69,8.02297,-6.38055,3.14359,2.0752,17.6392,-4.76074
27224.695,7.77876,-6.28478,3.25372,2.31934,17.2119,-4.5166
27224.7,7.51779,-6.28478,3.24414,3.66211,16.5405,-4.27246
27224.705,7.3502,-6.33745,3.25133,5.79834,15.564,-4.08936
27224.71,7.31429,-6.40928,3.19147,9.15527,14.7705,-3.96729
27224.715,7.30471,-6.53138,3.11486,13.3057,13.855,-3.72314
27224.72,7.331728296596944,-6.70802502904564,3.075251386362289,17.86650569570625,12.769421094136002,-3.5372757283511755
27224.725,7.398071732235389,-6.92274251552463,3.077338602396237,22.627194561849286,11.592874928978096,-3.473607227920557
27224.73,7.49348316800674,-7.156421820056214,3.11647400113584,27.400000587349957,10.401458901814848,-3.5352828400791143
27224.735,7.607705464864431,-7.389952302790892,3.188009935622321,31.997157750673605,9.271270412525244,-3.725450906383528
27224.74,7.730481483707153,-7.604223323879608,3.2872987588026112,36.23090003079682,8.278406860810088,-4.047259768016524
27224.745,7.851554085708436,-7.780124243940948,3.409692823852152,39.91346141587362,7.498965644225237,-4.503857766910012
27224.75,7.960666131769454,-7.8985444231048865,3.55054448373637,42.85707588454783,7.009044162599082,-5.098393244343639
27224.755,8.047560482826205,-7.940373221668684,3.70520609136698,44.87397741761393,6.884739814917411,-5.834014541195607
27224.76,8.10198,-7.8865,3.86903,45.7764,7.20215,-6.71387
27224.765,8.13789,-7.73567,4.00311,45.4712,7.93457,-7.75146
27224.77,8.20253,-7.55131,4.01508,43.8843,8.8501,-8.91113
27224.775,8.18338,-7.38372,4.04381,40.3442,10.1929,-9.8877
27224.78,8.156193615985298,-7.255746724213619,4.057213870868643,36.358881685602746,11.561301652889572,-10.614968126675477
27224.785,8.147073646696338,-7.167612237107067,4.037125787551773,32.40722096770602,12.824143054959492,-11.109275326954648
27224.79,8.152090057011701,-7.114886112723417,3.986060705852797,28.524405206145044,13.979186804946272,-11.387004554186264
27224.795,8.167312811833602,-7.093137925309387,3.90653358160862,24.74562176941859,15.02419549878988,-11.464538760567264
27224.800000000003,8.18881187605152,-7.097937249033612,3.801059370653405,21.10605802313366,15.956931733387792,-11.358260898737012
27224.805,8.212657214537685,-7.124853658038177,3.6721530289230246,17.640901335346534,16.775158105084348,-11.084553921590958
27224.81,8.234918792218656,-7.169456726533573,3.522329512062538,14.385339066600425,17.47663721196907,-10.659800781360232
27224.815,8.251666573966942,-7.22731602867636,3.354103775991683,11.374558585091298,18.05913165030216,-10.100384430824429
27224.82,8.258970524671096,-7.294001138584522,3.1699907766837554,8.643747258302717,18.52040401669013,-9.42268782315505
27224.825,8.252900609233608,-7.365081630526419,2.9725054697034747,6.228092447846505,18.858216908703035,-8.643093909995354
27224.83,8.229526792534731,-7.436127078624845,2.764162811013493,4.162781521422732,19.070332922858388,-7.777985644436748
27224.835,8.184919039505079,-7.5027070570026915,2.5474777566080613,2.483001845711829,19.15451465603949,-6.84374597981952
27224.84,8.115147314971603,-7.560391139928171,2.3249652620045014,1.2239407838550769,19.10852470526768,-5.856757867413603
27224.845,8.016281583848032,-7.60474890151931,2.0991402831919075,0.4207857028262176,18.93012566733237,-4.833404260514947
27224.85,7.884391811023854,-7.631349915944753,1.872517776004448,0.1087239682322689,18.61708013913104,-3.790068111762915
27224.855,7.715547961525789,-7.635763757379066,1.6476126964386912,0.3229429453243917,18.167150717938885,-2.743132374555953
27224.86,7.50582,-7.61356,1.42694,1.09863,17.5781,-1.70898
27224.865,7.26401,-7.56807,1.21386,2.38037,16.8457,-0.671387
27224.87,7.02219,-7.52737,1.01035,3.84521,15.9912,0.488281
27224.875,6.75404,-7.50343,0.816423,5.31006,15.0757,1.77002
27224.88,6.50983,-7.48906,0.663194,6.34766,14.0381,3.05176
27224.885,6.22492,-7.46033,0.507571,7.14111,13.1836,4.39453
27224.89,5.98072,-7.51061,0.373495,7.20215,11.9019,5.85938
27224.895,5.76524,-7.52019,0.25618,6.40869,10.6812,7.44629
27224.9,5.58088,-7.53934,0.100556,4.69971,9.64355,8.78906
27224.905,5.41808,-7.56568,-0.011971,1.46484,9.09424,10.6812
27224.91,5.33189,-7.46273,-0.100556,-2.2583,8.66699,12.085
27224.915,5.2457,-7.43878,-0.225055,-5.67627,8.17871,13.0615
27224.92,5.20458774342451,-7.372907194956425,-0.3063401598293434,-9.2833041158883,8.108195517669804,13.752700835854869
27224.925,5.223399952539115,-7.240587531833278,-0.3238515706935336,-13.176555080041538,8.53592636791533,14.107503736632768
27224.93,5.297244289965187,-7.073927271116063,-0.2827638816505673,-17.26824198966598,9.395643459752632,14.04956621972184
27224.935,5.42122841819401,-6.905032673694211,-0.1882517417877291,-21.47058393043345,10.621087700388562,13.502545802152316
27224.94,5.59046,-6.76601,-0.0454898,-25.6958,12.146,12.3901
27224.945,5.80594,-6.67743,0.122104,-29.8462,13.916,10.8643
27224.95,6.0693,-6.62954,0.263362,-33.8135,15.9302,9.52148
27224.955,6.32548,-6.62954,0.440533,-37.5977,18.0664,7.87354
27224.96,6.58166,-6.60081,0.603339,-41.0767,19.8975,6.65283
27224.965,6.79235,-6.57927,0.785298,-43.8232,21.8506,5.24902
27224.97,7.02459,-6.58405,0.976834,-46.1426,23.6206,3.84521
27224.975,7.26161,-6.59124,1.17316,-47.3633,24.8413,2.50244
27224.98,7.48427,-6.61997,1.32878,-47.9736,25.8789,1.0376
27224.985,7.69736,-6.62954,1.48441,-48.5229,26.4893,-0.549316
27224.99,7.87692,-6.67264,1.61848,-48.645,26.9165,-1.95312
27224.995,8.06607,-6.71574,1.74058,-48.5229,27.0386,-3.17383
27225.0,8.2169,-6.73968,1.85072,-48.2178,26.9165,-4.21143
27225.005,8.34858,-6.82108,1.91057,-47.4243,26.4893,-5.24902
27225.01,8.49702,-6.86178,2.00634,-46.3257,26.001,-6.16455
27225.015,8.63349,-6.9384,2.04225,-45.2271,25.3906,-6.89697
27225.02,8.72583729280643,-6.992879717091495,2.044351076628261,-44.2800587222829,24.72288905326914,-7.416797670496022
27225.025,8.771352721607208,-7.00634815721605,2.030660504047858,-43.493758466663465,24.02631082425654,-7.729066657053885
27225.03,8.774266288462043,-6.984483443761618,2.004108788023833,-42.849694817080966,23.302808985957853,-7.848828944368072
27225.035,8.73880799541997,-6.932963700053509,1.9676264342575247,-42.32936335612733,22.554327209779,-7.7911365173189875
27225.04,8.669207844511243,-6.857467049456028,1.9241439485056824,-41.91425966783852,21.782809168696744,-7.571041360466521
27225.045,8.569695837783215,-6.763671615329743,1.87659183651006,-41.585879335732486,20.990198535171004,-7.203595458525919
27225.05,8.444501977382652,-6.657255521115864,1.8279006040475403,-41.32571794349606,20.17843898225883,-6.7038507966205145
27225.055,8.297856265172168,-6.543896890016656,1.781000756787247,-41.11527107427981,19.349474181237685,-6.086859358729204
27225.06,8.133988703281382,-6.429273845466213,1.738822800506302,-40.9360343118135,18.50524780515141,-5.367673129884539
27225.065,7.957129293757648,-6.319064510825101,1.7042972409464578,-40.76950323961504,17.647703526459903,-4.56134409480176
27225.07,7.771508038785544,-6.218947009521683,1.6803545838623286,-40.59717344133429,16.77878501825898,-3.682924238857824
27225.075,7.5813549401397475,-6.134599464767392,1.6699253349590493,-40.40054050024963,15.900435951742931,-2.747465545480578
27225.08,7.3909,-6.0717,1.67594,-40.1611,15.0146,-1.77002
27225.085,7.21373,-6.0286,1.70228,-39.917,14.0991,-0.793457
27225.09,7.09163,-5.95677,1.7334,-39.7339,13.0615,0.0610352
27225.095,7.02459,-5.78918,1.70707,-39.1846,11.9019,0.793457
27225.1,6.961355522621467,-5.640684286502675,1.6943203407640008,-38.52288459924184,10.680014468203876,1.484579093507108
27225.105,6.896156779484494,-5.537143120781491,1.712853065034125,-37.81964256217518,9.412739206902788,2.148406529296924
27225.11,6.838154274982243,-5.467387811721859,1.7557166189409592,-37.038318224856894,8.103325710387626,2.7779522189067785
27225.115,6.796508513678267,-5.4202496684722,1.8159594485324904,-36.1423559255397,6.755025476695703,3.3662290719986743
27225.12,6.78038,-5.38456,1.88663,-35.0952,5.37109,3.90625
27225.125,6.79235,-5.33189,1.94409,-33.8745,3.96729,4.3335
27225.13,6.8115,-5.23851,1.95606,-32.5317,2.56348,4.5166
27225.135,6.83305,-5.25048,2.0231,-31.0669,1.15967,4.76074
27225.14,6.87615,-5.24809,2.04704,-29.1138,0.0,4.88281
27225.145,6.91445,-5.29119,2.09253,-26.8555,-1.34277,4.69971
27225.15,7.01501,-5.27443,2.12366,-24.7803,-2.31934,4.63867
27225.155,7.10838,-5.25767,2.16675,-22.8271,-3.41797,4.45557
27225.16,7.17063,-5.2864,2.18112,-20.9351,-4.27246,4.21143
27225.165,7.24725,-5.37019,2.20506,-19.043,-5.24902,3.90625
27225.17,7.28316,-5.43005,2.20985,-17.2119,-5.98145,3.84521
27225.175,7.31429,-5.43963,2.25534,-15.3809,-6.53076,3.78418
27225.18,7.33105,-5.47554,2.24337,-14.1602,-7.14111,3.54004
27225.185,7.33344,-5.49469,2.28646,-13.2446,-7.44629,3.78418
27225.19,7.31907,-5.50427,2.28407,-12.4512,-7.62939,3.84521
27225.195,7.27837,-5.48751,2.30322,-12.3901,-7.75146,3.90625
27225.2,7.235482128467715,-5.4671480286761405,2.323509080733276,-12.561484692928646,-7.780116558864536,3.9888815924279206
27225.205,7.197508135539659,-5.4502801882728615,2.3336605190625024,-12.771578415545632,-7.720400808720331,4.067613455001664
27225.21,7.1644796987859545,-5.436058693507987,2.335801511007419,-13.001393736914748,-7.588069199971645,4.140393413789538
27225.215,7.136428495861432,-5.4236357591368085,2.332059252563467,-13.231943225641457,-7.398878183132406,4.205169294685089
27225.22,7.113386204406426,-5.412163599909383,2.3245609397432103,-13.44423945032908,-7.168584208882015,4.259888923605153
27225.225,7.095384502012793,-5.400794430551383,2.315433768540704,-13.6192949800446,-6.912943727376511,4.302500126583099
27225.23,7.0824550663245285,-5.38868046581325,2.306804934966552,-13.73812238337116,-6.647713189271126,4.330950729527698
27225.235,7.074629574967034,-5.374973920436832,2.300801635027011,-13.781734229055296,-6.388649045066574,4.343188558391447
27225.24,7.0719397055658,-5.358827009176828,2.2995510647270048,-13.731143085919246,-6.151507745424313,4.337161439138372
27225.245,7.074417135742289,-5.3393919467521,2.3051804200696786,-13.567361522647442,-5.9520457404904175,4.310817197713438
27225.25,7.082093543125742,-5.315820947915263,2.3198168970641886,-13.271402107986663,-5.806019480948031,4.262103660066634
27225.255,7.095000605330258,-5.287266227430958,2.345587691693473,-12.824277411068383,-5.729185417324775,4.188968652213051
27225.26,7.11317,-5.25288,2.38462,-12.207,-5.7373,4.08936
27225.265,7.12514,-5.21218,2.41814,-11.4136,-5.79834,3.90625
27225.27,7.11078,-5.16429,2.40857,-10.6201,-5.79834,3.54004
27225.275,7.13712,-5.11162,2.45645,-10.2539,-5.92041,3.35693
27225.28,7.13951,-5.0805,2.4349,-9.82666,-6.10352,3.17383
27225.285,7.12514,-5.0781,2.46603,-9.0332,-6.28662,2.86865
27225.29,7.10599,-5.14993,2.48279,-8.11768,-6.53076,2.74658
27225.295,7.12036,-5.16429,2.48997,-7.01904,-6.7749,2.62451
27225.3,7.13233,-5.23372,2.49955,-5.7373,-6.83594,2.31934
27225.305,7.10599,-5.30555,2.52828,-4.39453,-6.71387,2.31934
27225.31,7.13712,-5.39414,2.5594,-2.13623,-6.83594,2.92969
27225.315,7.1443,-5.36062,2.6001,-0.488281,-6.5918,2.86865
27225.32,7.125114960742961,-5.360043087202971,2.6452128486238218,1.0715724183076871,-6.246116802650791,2.7466740762695947
27225.325,7.095095990644698,-5.420958908565391,2.6982378079312497,2.753284794437405,-5.864696007524226,2.7891195398410336
27225.33,7.064853540195571,-5.513287186257964,2.7665353428798007,4.485148560264852,-5.375354811407085,2.9535879651446955
27225.335,7.0449980598159865,-5.606947642675295,2.857465918578949,6.195456151490349,-4.705910410005012,3.197680927029773
27225.34,7.04614,-5.67186,2.97839,7.8125,-3.78418,3.479
27225.345,7.06289,-5.68144,3.11725,9.21631,-2.62451,3.72314
27225.35,7.06289,-5.63834,3.21781,10.1929,-1.34277,3.78418
27225.355,7.09402,-5.5737,3.32315,10.8643,0.549316,3.72314
27225.36,7.08444,-5.45639,3.44047,11.3525,2.74658,3.66211
27225.365,7.07247,-5.37977,3.53384,11.6577,5.18799,3.60107
27225.37,7.01741,-5.21457,3.59849,11.9019,7.99561,3.60107
27225.375,6.97192,-5.13077,3.66073,11.9629,10.6812,3.41797
27225.38,6.97192,-5.02064,3.63919,12.5122,13.4888,2.99072
27225.385,6.95276,-5.02782,3.52905,11.5967,15.8081,2.50244
27225.39,6.94797,-5.21218,3.25611,9.94873,17.0288,2.2583
27225.395,6.88094,-5.56412,2.91374,8.42285,17.395,2.74658
27225.4,6.771162413467115,-6.077254085158089,2.54720548234858,9.094176431457289,16.689146847638067,3.900925812292728
27225.405,6.644490753856615,-6.688630487385021,2.184170598821765,11.976167047267438,15.002856091546596,5.633488265928883
27225.41,6.518837887404713,-7.319491847558084,1.8547659738129691,16.426789450000093,12.55865391008586,7.893609815000799
27225.415,6.412116680697427,-7.891080804823281,1.5891222326940035,21.804011232177388,9.579066487410904,10.630632907839832
27225.42,6.34224,-8.32464,1.41737,27.4658,6.28662,13.7939
27225.425,6.32548,-8.57603,1.35272,32.4707,2.80762,17.334
27225.43,6.37336,-8.74841,1.30723,35.2783,-1.0376,20.9961
27225.435,6.50744,-8.96868,1.14922,36.2549,-4.63867,23.6816
27225.44,6.70376,-9.18895,1.01754,35.7056,-6.40869,25.1465
27225.445,6.81869,-9.37569,0.797269,34.4238,-8.36182,27.71
27225.45,7.00304,-9.58399,0.679953,33.6304,-9.09424,29.2969
27225.455,7.02219,-9.58878,0.608127,32.6538,-8.60596,31.1279
27225.46,7.14909,-9.64624,0.675165,33.0811,-7.75146,32.2876
27225.465,7.28795,-9.56005,0.890643,32.4097,-6.5918,32.7148
27225.47,7.54413,-9.64624,1.13485,31.8604,-5.12695,32.7759
27225.475,7.85538,-9.73004,1.48919,29.6021,-3.90625,31.9824
27225.48,8.10916,-9.77074,1.75256,25.1465,-1.40381,30.8228
27225.485,8.32703,-9.68455,1.95846,19.2261,2.38037,28.8696
27225.49,8.51618,-9.60314,2.21703,13.5498,5.61523,25.8789
27225.495,8.55688,-9.56723,2.4756,8.60596,8.66699,23.0103
27225.5,8.39168,-9.55286,2.55222,4.02832,9.39941,21.3013
27225.505,8.54969,-9.47146,2.66714,0.427246,8.42285,19.104
27225.51,8.88488,-9.45231,2.53546,-2.80762,7.14111,16.8457
27225.515,8.92798,-9.36851,2.35829,-6.5918,7.69043,14.6484
27225.52,8.82024,-9.26077,2.14281,-9.76562,8.17871,12.7563
27225.525,8.48505,-9.13867,1.87705,-12.5122,8.11768,10.9863
27225.53,8.25521,-9.02853,1.62806,-14.0381,7.20215,9.46045
27225.535,8.04691,-8.73644,1.39821,-15.1367,6.46973,7.69043
27225.54,7.87453,-8.48984,1.24259,-16.0522,5.98145,5.92041
27225.545,7.64229,-8.33661,1.09415,-16.7847,5.43213,4.45557
27225.55,7.40527,-8.15226,0.981623,-17.2729,4.76074,3.2959
27225.555,7.19697,-7.81946,0.761356,-17.2729,4.3335,2.13623
27225.56,6.89051,-7.60638,0.591368,-17.0288,3.23486,1.52588
27225.565,6.608,-7.39808,0.464475,-16.4185,1.95312,1.70898
27225.57,6.34703,-7.1419,0.366313,-15.4419,0.366211,2.01416
27225.575,6.10761,-6.94558,0.332794,-14.5264,-1.2207,2.68555
27225.58,5.884582007066109,-6.806811282617297,0.3260342130922601,-13.098150711857024,-3.0320173604016776,3.434195547711841
27225.585,5.67936318496818,-6.713276272850222,0.3363470309938927,-11.02095403735864,-5.097140130925025,4.1380857084401415
27225.59,5.49658784044736,-6.659972648951073,0.3675432907303568,-8.354659372891884,-7.341379611509923,4.779785887789936
27225.595,5.340890280702599,-6.641898089389133,0.4234338293135844,-5.159116119185333,-9.690047097626511,5.341861489800852
27225.6,5.2169048128540405,-6.654050272531157,0.507829483683638,-1.4941736785078787,-12.06845388444101,5.806877918744254
27225.605,5.129265743761045,-6.691426876783243,0.6245410909737816,2.580318555063922,-14.401911272349189,6.157400579877573
27225.61,5.082607380568511,-6.749025580532311,0.7773794881462036,7.004511179580934,-16.615730556511725,6.375994877395205
27225.615,5.081564030302076,-6.82184406210644,0.9701555120579506,11.718554792076269,-18.635223032437505,6.44522621587552
27225.62,5.13077,-6.90488,1.20668,16.6626,-20.3857,6.34766
27225.625,5.21457,-7.01022,1.46765,21.6675,-21.7896,6.10352
27225.63,5.26485,-7.16824,1.68073,26.1841,-22.8882,5.85938
27225.635,5.29837,-7.28316,1.87466,29.8462,-24.0479,5.67627
27225.64,5.323837379531356,-7.411732844467294,2.0038311717085286,32.6104456169021,-25.06729660055964,5.504859596411
27225.645,5.347474821277215,-7.5657985803800125,2.07006518851522,34.54325214504944,-25.85228480228463,5.342535863238133
27225.65,5.37729257323733,-7.73171389394729,2.095416619460088,35.722595864116215,-26.38391470342637,5.2048823319465525
27225.655,5.421300883475871,-7.895835471749692,2.1019400336155845,36.2264530560483,-26.64323640331144,5.107482533704251
27225.66,5.48751,-8.04452,2.11169,36.1328,-26.6113,5.06592
27225.665,5.5761,-8.15944,2.13802,35.4614,-26.3062,5.06592
27225.67,5.6575,-8.20493,2.18112,34.0576,-25.8789,5.06592
27225.675,5.73651,-8.18099,2.27928,31.9214,-25.3906,5.12695
27225.68,5.87537,-8.16662,2.3535,29.0527,-24.6582,4.82178
27225.685,5.93523,-8.10437,2.39181,25.6348,-23.6816,4.63867
27225.69,6.03818,-8.08043,2.46603,21.9727,-22.8271,4.3335
27225.695,6.07648,-7.9703,2.52109,17.7002,-21.9116,4.02832
27225.7,6.12676,-7.85059,2.52828,13.6108,-20.5078,4.27246
27225.705,6.13394,-7.71891,2.51631,9.27734,-19.5312,4.45557
27225.71,6.11479,-7.62793,2.46842,5.31006,-18.6157,4.63867
27225.715,6.08845,-7.52258,2.38941,1.77002,-17.5781,4.76074
27225.72,5.99029,-7.40766,2.32477,-0.854492,-17.0288,5.31006
27225.725,5.91607,-7.3095,2.20985,-2.50244,-16.4185,5.79834
27225.73,5.84664,-7.20415,2.14281,-3.23486,-16.1743,6.16455
27225.735,5.7796,-7.08444,2.04704,-3.05176,-15.9912,6.5918
27225.74,5.70538,-6.96473,1.99198,-2.19727,-15.7471,6.83594
27225.745,5.63356,-6.88094,1.97282,-0.854492,-15.686,6.89697
27225.75,5.56891,-6.79953,1.99198,0.671387,-15.8691,6.83594
27225.755,5.55694,-6.75644,2.03986,2.50244,-15.8691,6.95801
27225.76,5.54018,-6.7325,2.05183,4.5166,-15.9912,6.71387
27225.765,5.51385,-6.74686,2.10929,6.5918,-15.9302,6.28662
27225.77,5.53779,-6.74207,2.13323,8.72803,-15.9912,5.92041
27225.775,5.56173,-6.80193,2.17872,10.8032,-15.9912,5.61523
27225.78,5.58328,-6.83066,2.23858,12.5732,-16.0522,5.06592
27225.785,5.59046,-6.88572,2.27928,14.0381,-16.1133,4.63867
27225.79,5.60961,-6.95037,2.3128,15.0757,-15.9302,4.21143
27225.795,5.64313,-6.99346,2.33674,15.564,-15.8691,3.35693
27225.8,5.66229,-7.08923,2.37505,15.8081,-15.7471,3.05176
27225.805,5.68383,-7.11317,2.40378,15.564,-15.3809,2.92969
27225.81,5.66468,-7.14669,2.41814,15.0146,-15.0757,2.74658
27225.815,5.6982,-7.185,2.44209,13.916,-14.7095,2.50244
27225.82,5.70538,-7.16824,2.46363,12.5732,-13.916,2.38037
27225.825,5.70538,-7.185,2.48997,11.1694,-13.3057,2.2583
27225.83,5.69102,-7.12993,2.52588,9.39941,-12.4512,2.19727
27225.835,5.68144,-7.08444,2.55222,7.50732,-11.7188,2.01416
27225.84,5.63834,-7.05332,2.54743,5.61523,-10.6812,1.83105
27225.845,5.6144,-6.9791,2.56898,3.78418,-9.94873,1.58691
27225.85,5.56652,-6.8953,2.57616,2.19727,-8.97217,1.15967
27225.855,5.54018,-6.83784,2.55701,0.732422,-8.17871,0.793457
27225.86,5.48272,-6.7732,2.57137,-0.732422,-7.32422,0.427246
27225.865,5.46357,-6.72052,2.59292,-1.77002,-6.46973,0.183105
27225.87,5.44441,-6.66546,2.60489,-2.50244,-5.43213,-0.305176
27225.875,5.42526,-6.62476,2.63841,-3.23486,-4.45557,-0.732422
27225.88,5.39653,-6.58405,2.63362,-3.72314,-3.479,-1.28174
27225.885,5.35583,-6.53378,2.67432,-4.21143,-2.74658,-2.0752
27225.89,5.29358,-6.4811,2.69827,-4.39453,-1.83105,-2.68555
27225.895,5.28879,-6.44519,2.76051,-4.39453,-0.793457,-3.35693
27225.9,5.23372,-6.43322,2.806,-4.27246,0.366211,-3.84521
27225.905,5.19781,-6.41167,2.86107,-3.96729,1.40381,-4.45557
27225.91,5.18345,-6.34224,2.9305,-3.90625,2.31934,-5.12695
27225.915,5.11162,-6.31351,2.9712,-3.96729,3.41797,-5.7373
27225.92,5.05895,-6.28957,3.00233,-3.78418,4.5166,-6.28662
27225.925,5.04698,-6.27281,3.04542,-3.60107,5.61523,-6.7749
27225.93,5.03501,-6.2369,3.10049,-3.90625,6.5918,-7.44629
27225.935,5.03501,-6.19859,3.11725,-4.15039,7.62939,-8.11768
27225.94,5.04007378637397,-6.173499649568379,3.1361094050198157,-4.5101911775297,8.661026913180454,-8.791354535743643
27225.945,5.051773169412783,-6.163611536499065,3.1676189482967536,-5.015816205051667,9.658298563721992,-9.46267835439118
27225.95,5.076502659277654,-6.168423598638993,3.206936789091728,-5.585681644247726,10.628032758541025,-10.102336905744169
27225.955,5.12065676607058,-6.187433773842976,3.249221086567281,-6.138204055313815,11.577057301684963,-10.681015637724862
27225.96,5.19063,-6.22014,3.28963,-6.5918,12.5122,-11.1694
27225.965,5.2864,-6.25844,3.30639,-6.89697,13.4277,-11.5967
27225.97,5.40132,-6.28478,3.27287,-7.08008,14.2822,-12.146
27225.975,5.56652,-6.33506,3.3016,-7.01904,15.0757,-12.6953
27225.98,5.72214,-6.39252,3.25851,-6.71387,15.7471,-13.0005
27225.985,5.85382,-6.47153,3.18668,-6.28662,16.1133,-13.3057
27225.99,5.99269,-6.55054,3.13162,-5.61523,16.2964,-13.7939
27225.995,6.17465,-6.61518,3.0957,-5.12695,16.2964,-14.0381
27226.0,6.37097,-6.64391,3.06697,-4.63867,16.1133,-14.4653
27226.005,6.54575,-6.71095,3.02867,-4.57764,15.7471,-14.6484
27226.01,6.71813,-6.77798,3.00712,-4.63867,15.0757,-14.9536
27226.015,6.85221,-6.82347,2.99036,-4.69971,14.2822,-15.1978
27226.02,6.975826000739034,-6.844919737152815,3.013603914536221,-4.4969558508622285,13.459372480034492,-15.305153493902152
27226.025,7.09059992841399,-6.845304439469489,3.0799073590106114,-3.979812544056828,12.580736031134782,-15.308529363326857
27226.03,7.185224855660311,-6.828740273223985,3.179359846145015,-3.1734210124028093,11.600820342874629,-15.24601848585617
27226.035,7.24839385531676,-6.799343404646447,3.302050888894025,-2.102922186844632,10.474155102668528,-15.155711738897892
27226.04,7.2688,-6.76123,3.43807,-0.793457,9.15527,-15.0757
27226.045,7.26401,-6.71813,3.57215,0.671387,7.75146,-15.0146
27226.05,7.28556,-6.67982,3.68707,2.0752,6.65283,-14.8315
27226.055,7.20176,-6.67264,3.80917,3.66211,5.37109,-14.5264
27226.06,7.15627,-6.67264,3.89058,5.98145,4.15039,-14.8926
27226.065,7.09641,-6.6463,3.94564,8.8501,3.23486,-15.686
27226.07,7.10838,-6.62715,4.00311,12.2681,2.68555,-16.7236
27226.075,7.02459,-6.63194,4.04381,15.686,2.38037,-17.8833
27226.08,6.90009,-6.69179,4.08451,19.4702,2.2583,-19.2261
27226.085,6.78517,-6.79953,4.09887,23.4375,2.01416,-20.2637
27226.09,6.68701,-6.90727,4.10845,27.4048,1.70898,-21.1792
27226.095,6.70855,-7.0198,4.15394,31.4331,1.52588,-21.9116
27226.1,6.67025,-7.17063,4.21619,35.0952,1.58691,-22.522
27226.105,6.69658,-7.27837,4.24971,38.3301,1.2207,-23.0713
27226.11,6.70376,-7.54413,4.35026,40.8936,1.15967,-23.5596
27226.115,6.82347,-7.70933,4.38618,42.6636,1.15967,-24.0479
27226.12,6.88333,-7.87932,4.49631,43.7012,1.40381,-24.7192
27226.125,6.91445,-8.12831,4.54419,44.3115,1.58691,-25.0854
27226.13,6.99346,-8.43238,4.61842,44.8608,1.64795,-25.7568
27226.135,7.15866,-8.54012,4.68785,44.3115,1.95312,-26.4282
27226.14,7.30232,-8.67419,4.72137,43.8232,2.92969,-26.9775
27226.145,7.4316,-8.77714,4.72615,42.5415,3.90625,-27.2827
27226.15,7.6399,-8.74362,4.70939,40.4053,4.82178,-27.4048
27226.155,7.85298,-8.65264,4.72137,36.6211,6.22559,-26.7944
27226.16,8.08282,-8.43238,4.74531,31.0669,8.11768,-25.5127
27226.165,8.24802,-8.14507,4.69742,23.8037,10.437,-23.9868
27226.17,8.3414,-7.94396,4.58968,15.686,13.3057,-22.2778
27226.175,8.29351,-7.91523,4.32393,7.69043,15.686,-20.752
27226.18,8.215950466556746,-7.965161103046477,3.983935231558486,1.7926843123811151,17.320334871563137,-19.072603442269827
27226.185,8.141442165055945,-8.055078895564217,3.610706648142876,-1.8071618959007596,18.275477374354395,-17.174761587099546
27226.19,8.066812017586509,-8.172472297122793,3.218061753075609,-3.4583882678862667,18.62598597771526,-15.124945027988206
27226.195,7.988886946075553,-8.304830227562576,2.819818048809974,-3.5102744493843576,18.446419151505246,-12.989624353881052
27226.2,7.904493872610747,-8.439641606468577,2.4297930386593074,-2.312100082144933,17.811335364653054,-10.835270158190738
27226.205,7.810459719225888,-8.564395353502753,2.06180422565665,-0.2131448097858697,16.795293086553333,-8.728353032885707
27226.21,7.703611408037943,-8.66658038826395,1.7296691130603057,2.4373117220305707,15.472850787656329,-6.735343571326937
27226.215,7.58077586092715,-8.73368563057041,1.4472052034116158,5.289989873755213,13.91856693538707,-4.922712362542353
27226.22,7.43878,-8.7532,1.22823,7.99561,12.207,-3.35693
27226.225,7.28556,-8.73884,1.05824,10.2539,10.3149,-1.95312
27226.23,7.14909,-8.7556,0.847547,11.7798,8.11768,-0.305176
27226.235,6.99107,-8.72926,0.617704,11.9629,6.22559,1.2207
27226.24,6.824668598127007,-8.706266012623438,0.3806369762409254,11.270456293881516,4.379392412557845,2.749221190939355
27226.245,6.663333105625295,-8.693939133407298,0.1498927992397052,9.96994984763201,2.586442692477208,4.310720942013974
27226.25,6.5155273139224175,-8.67754724786594,-0.057367666077529,8.191689253255696,1.0024800646052716,5.858693098973548
27226.255,6.389715014887573,-8.642358241569811,-0.2239835541639143,6.065983107110562,-0.2167562414478133,7.346631503088011
27226.26,6.29436,-8.57364,-0.332794,3.72314,-0.915527,8.72803
27226.265,6.22492,-8.4635,-0.380678,1.2207,-1.0376,9.8877
27226.27,6.13634,-8.32703,-0.411803,-1.58691,-0.793457,10.6201
27226.275,6.03578,-8.15226,-0.418985,-4.76074,-0.0610352,11.2915
27226.28,5.99029,-7.9296,-0.335188,-8.66699,1.09863,11.9019
27226.285,5.96396,-7.79791,-0.275333,-12.6343,2.74658,11.9629
27226.29,5.88974,-7.5992,-0.19393,-16.8457,4.76074,11.7188
27226.295,5.82988,-7.4723,-0.0790087,-21.6064,6.5918,11.2305
27226.3,5.84903,-7.33823,0.0383072,-26.4282,8.48389,10.8032
27226.305,5.84425,-7.18739,0.158017,-30.9448,10.376,10.376
27226.31,5.89213,-7.07726,0.263362,-35.2173,11.7188,9.58252
27226.315,5.98072,-6.94079,0.416591,-38.8184,13.0615,8.66699
27226.32,6.098364450825248,-6.821555085737891,0.5649111173339775,-41.825306940367774,14.33212991884533,7.722774218283278
27226.325,6.239035290233603,-6.735867123076572,0.693253230735903,-44.2573398784258,15.43784486266501,6.742594956230669
27226.33,6.395342904123595,-6.682263617575465,0.8065721853997279,-46.07092934522165,16.34770484649959,5.715724585716568
27226.335,6.559897678743322,-6.659282074689198,0.909822826759486,-47.22250587555248,17.030769887315657,4.63143547636084
27226.34,6.72531,-6.66546,1.00796,-47.6685,17.4561,3.479
27226.345,6.88333,-6.68701,1.10852,-47.4854,17.5781,2.38037
27226.35,7.02938,-6.69179,1.21147,-46.875,17.395,1.64795
27226.355,7.1826,-6.7325,1.26893,-45.2881,17.0898,0.732422
27226.36,7.34062,-6.79474,1.31202,-43.457,16.4185,-0.0610352
27226.365,7.46751,-6.84502,1.403,-40.8936,15.8081,-0.854492
27226.37,7.58483,-6.8139,1.47004,-38.269,14.7705,-1.2207
27226.375,7.6806,-6.79714,1.49159,-36.0107,13.5498,-1.64795
27226.38,7.79313,-6.76601,1.5706,-33.9355,12.6953,-2.0752
27226.385,7.86735,-6.70855,1.6113,-32.1655,11.4746,-2.2583
27226.39,7.89129,-6.66306,1.66397,-30.5176,10.5591,-2.74658
27226.395,7.90565,-6.56011,1.69031,-29.48,9.76562,-2.68555
27226.4,7.88411,-6.49786,1.69749,-28.9307,9.09424,-2.80762
27226.405,7.83383,-6.47392,1.68312,-28.1982,8.36182,-2.56348
27226.41,7.7213,-6.3183,1.66158,-27.8931,7.93457,-2.01416
27226.415,7.67102,-6.22253,1.69031,-27.5879,7.32422,-1.83105
27226.42,7.56807,-6.22014,1.70228,-27.2827,6.7749,-1.34277
27226.425,7.52258,-6.09803,1.73819,-27.0996,6.28662,-0.976562
27226.43,7.41963,-6.04775,1.75974,-26.3672,5.92041,-0.427246
27226.435,7.29034,-5.85622,1.80044,-25.4517,4.82178,-0.0610352
27226.44,7.16585,-5.87777,1.84593,-24.5972,3.96729,0.244141
27226.445,7.09881,-5.75566,1.88663,-23.9258,3.2959,0.488281
27226.45,6.96952,-5.59764,1.87466,-23.4985,2.31934,0.915527
27226.455,6.86418,-5.60004,1.92015,-23.4375,1.40381,1.2207
27226.46,6.83784,-5.55694,1.91776,-22.8271,0.12207,1.46484
27226.465,6.73968,-5.56891,1.9417,-22.2168,-0.854492,2.0752
27226.47,6.67503,-5.58807,1.98,-20.813,-2.19727,2.31934
27226.475,6.66306,-5.54737,1.97282,-19.043,-3.78418,2.74658
27226.48,6.65703753383506,-5.507662909770038,1.9754709294652424,-17.46061156279811,-5.217996472425197,3.132869849882633
27226.485,6.651910758094529,-5.483330212950376,1.9980225293623315,-16.098971519481122,-6.474216726689369,3.405712491135351
27226.49,6.655302215433253,-5.468077061253578,2.030022664503366,-14.87544569553515,-7.623880744012654,3.6196882073213112
27226.495,6.674834448513806,-5.455608606364495,2.061019199777532,-13.707399913855928,-8.738028508060049,3.829377282429467
27226.5,6.71813,-5.43963,2.08056,-12.5122,-9.8877,4.08936
27226.505,6.77559,-5.43484,2.07338,-11.1694,-11.1084,4.39453
27226.51,6.80193,-5.50188,2.03747,-9.58252,-12.2681,4.63867
27226.515,6.83305,-5.57849,2.05183,-8.05664,-13.2446,5.06592
27226.52,6.83784,-5.62159,2.06141,-6.28662,-14.2822,5.49316
27226.525,6.86178,-5.66229,2.03986,-4.57764,-15.1367,5.79834
27226.53,6.86418,-5.66468,2.06141,-2.92969,-15.8691,6.40869
27226.535,6.87615,-5.67186,2.1069,-1.58691,-16.4185,6.89697
27226.54,6.8953,-5.67905,2.18112,-0.610352,-16.9067,7.20215
27226.545,6.86896,-5.69102,2.22661,0.305176,-17.2119,7.69043
27226.55,6.84981,-5.68383,2.28407,1.0376,-17.334,8.11768
27226.555,6.8546,-5.69581,2.37505,1.46484,-17.334,8.48389
27226.56,6.86178,-5.71735,2.38702,1.70898,-17.395,8.60596
27226.565,6.84023,-5.73651,2.41575,2.0752,-17.5171,8.91113
27226.57,6.84023,-5.76045,2.45406,2.2583,-17.395,8.97217
27226.575,6.83545,-5.77481,2.42772,2.38037,-17.5171,9.0332
27226.58,6.83066,-5.76763,2.45406,2.50244,-17.4561,9.15527
27226.585,6.82587,-5.76524,2.49476,2.74658,-17.4561,9.09424
27226.59,6.84742,-5.74608,2.55222,2.92969,-17.2119,9.0332
27226.595,6.86657,-5.75087,2.6001,3.11279,-16.9067,8.78906
27226.6,6.87136,-5.70059,2.63123,3.2959,-16.7847,8.60596
27226.605,6.88572,-5.69581,2.67911,3.60107,-16.5405,8.36182
27226.61,6.90488,-5.67426,2.70545,3.96729,-16.2354,7.93457
27226.615,6.91924,-5.66468,2.74136,4.3335,-15.8081,7.56836
27226.62,6.936,-5.61919,2.73657,4.94385,-15.564,7.20215
27226.625,6.97192,-5.62159,2.73897,5.49316,-15.1978,6.7749
27226.63,7.00304,-5.62637,2.75094,6.40869,-14.7095,6.22559
27226.635,7.00304,-5.62398,2.76291,7.32422,-14.3433,5.98145
27226.64,7.016707834396394,-5.64060979466367,2.763805333172005,8.223594507953143,-13.943445621828536,5.70419156409227
27226.645,7.048593191853386,-5.677446514265868,2.7531815923825933,9.121993323849503,-13.48673640367279,5.304252017411778
27226.65,7.087530632084589,-5.727995336500161,2.7337301850217184,9.99795288519821,-13.016324374916454,4.823214689017927
27226.655,7.122354714895235,-5.785761439177811,2.708142518432685,10.830009631420047,-12.57536156389572,4.302662906875494
27226.66,7.1419,-5.84425,2.67911,11.5967,-12.207,3.78418
27226.665,7.14909,-5.89931,2.65038,12.2681,-11.9019,3.35693
27226.67,7.16824,-5.95917,2.61926,12.7563,-11.4746,3.11279
27226.675,7.1419,-6.02621,2.57137,13.0005,-10.9253,2.68555
27226.68,7.12993,-6.06212,2.5618,13.3057,-10.498,2.31934
27226.685,7.13472,-6.12197,2.54264,13.5498,-9.94873,1.95312
27226.69,7.12993,-6.17225,2.52349,13.5498,-9.46045,1.83105
27226.695,7.13472,-6.19141,2.53307,13.4277,-8.72803,1.58691
27226.7,7.09641,-6.16028,2.6001,13.1226,-7.93457,1.15967
27226.705,7.05811,-6.13634,2.66475,12.6343,-7.01904,1.09863
27226.71,7.01501,-6.10521,2.71981,12.085,-5.85938,0.671387
27226.715,6.95755,-6.05015,2.79403,11.4746,-4.63867,0.366211
27226.72,6.92882,-5.97353,2.88501,10.8032,-3.479,0.183105
27226.725,6.86418,-5.84903,2.97839,10.3149,-1.89209,-0.12207
27226.73,6.78277,-5.80115,3.08134,10.3149,-0.793457,-0.549316
27226.735,6.79474,-5.71496,3.09091,10.2539,0.427246,-0.976562
27226.74,6.799899413665262,-5.6833761382364685,3.0477312979145683,9.861222419021374,1.6088865086261617,-1.1562577681875514
27226.745,6.770256204796764,-5.7307112372669256,2.976777018348572,9.246879736701716,2.6237052463615305,-1.0521395690948483
27226.75,6.713417988695427,-5.842545203901544,2.886283102981652,8.586454593728405,3.445657252174107,-0.6924747705495399
27226.755,6.63699238071974,-6.00445794486539,2.7844854936442087,8.055529632176901,4.048697562737119,-0.105530740523859
27226.76,6.548586996285213,-6.202029366737786,2.679620132199548,7.829687493745786,4.40678121536091,0.6804251523484892
27226.765,6.455809450607248,-6.420839376547527,2.57992296027796,8.084510819687772,4.493863248057808,1.6371255412320618
27226.77,6.366267359095401,-6.646467880894628,2.4936299197435097,8.995582251987287,4.283898697950451,2.7363030576276706
27226.775,6.287568337149807,-6.864494786359266,2.4289769524212543,10.738484430718824,3.750842603026,3.949690332621467
27226.78,6.22732,-7.0605,2.3942,13.4888,2.86865,5.24902
27226.785,6.18662,-7.23049,2.37744,16.9678,1.70898,6.53076
27226.79,6.17465,-7.39808,2.32238,19.6533,0.549316,7.69043
27226.795,6.25365,-7.54413,2.26252,21.5454,-0.793457,9.15527
27226.8,6.30393,-7.65905,2.17872,22.3999,-1.95312,9.94873
27226.805,6.41646,-7.77876,2.11408,22.8271,-2.68555,10.8643
27226.81,6.5242,-7.95114,1.92494,21.9727,-3.41797,11.7798
27226.815,6.65588,-8.18817,1.77889,20.5078,-3.11279,11.8408
27226.82,6.69419,-8.38689,1.60412,18.3105,-2.86865,12.4512
27226.825,6.88572,-8.68616,1.43652,16.8457,-2.62451,12.8174
27226.83,7.1012,-8.97107,1.25217,14.9536,-2.38037,12.9395
27226.835,7.35259,-9.22007,1.13964,12.6953,-1.95312,12.5122
27226.84,7.63511,-9.48583,1.04866,10.3149,-1.46484,11.9019
27226.845,7.91523,-9.83059,0.964863,7.32422,-0.12207,10.8032
27226.85,8.08522,-10.0054,0.94571,5.00488,0.12207,9.76562
27226.855,8.16423,-10.082,1.09176,3.78418,0.610352,8.66699
27226.86,8.226210334251439,-10.114668415908556,1.2476720252520357,2.5948960566003456,1.192004004355765,7.44785751376916
27226.865,8.285606074819254,-10.109949124132608,1.3675761070948729,1.1813409895221338,1.6898469264419926,6.1400009073101804
27226.87,8.339800235103068,-10.070626441098945,1.4538817234423131,-0.4138525268326528,2.1058320097281635,4.776564050398777
27226.875,8.386175828370009,-9.999484683233105,1.5089983519350874,-2.148051815027113,2.4419104965680045,3.3906908156572784
27226.88,8.422115867931673,-9.899308166970435,1.535335470313974,-3.9786241985764206,2.700033629707722,2.0155250747846782
27226.885,8.445003367088393,-9.772881208847158,1.5353025563287857,-5.862936999615521,2.882152651788191,0.6842107004246414
27226.89,8.45222133918666,-9.622988125112965,1.511309087718793,-7.758357544427476,2.990218805819454,-0.5701084376812493
27226.895,8.441152797516358,-9.452413232285986,1.4657645422154968,-9.622253155170824,3.0261833343877966,-1.7142884668453688
27226.9,8.409180755420586,-9.263940846944548,1.4010783976131225,-11.411991154095844,2.991997480289345,-2.7151855147006345
27226.905,8.353688226166007,-9.060355285248054,1.319660131556856,-13.084938867347985,2.8896124862193777,-3.5396557110246465
27226.91,8.272058223079565,-8.84444086376282,1.223919221827872,-14.598463617108056,2.720979594923692,-4.154555183334013
27226.915,8.161673759564264,-8.618981899091038,1.1162651462490274,-15.90993272602087,2.48805004934089,-4.5267400597552765
27226.92,8.019917848772666,-8.386762707338296,0.9991073824029828,-16.97671351953588,2.1927750918770395,-4.623066469151139
27226.925,7.844173504085905,-8.15056760510085,0.8748554081048048,-17.756173320135368,1.837105965424672,-4.410390539459482
27226.93,7.631823738815584,-7.913180908814064,0.7459187010952724,-18.20567945133451,1.4229939127299942,-3.855568398981313
27226.935,7.380251566471249,-7.677386935083599,0.6147067392108775,-18.2825992367384,0.9523901769017018,-2.9254561768389498
27226.94,7.08684,-7.44597,0.483629,-17.9443,0.427246,-1.58691
27226.945,6.75644,-7.22091,0.368707,-17.2119,-0.305176,0.0610352
27226.95,6.41407,-7.01741,0.308852,-16.2354,-1.70898,1.70898
27226.955,6.07888,-6.85939,0.272939,-14.8926,-3.2959,3.72314
27226.96,5.81791,-6.64391,0.308852,-13.4888,-4.88281,5.24902
27226.965,5.58567,-6.49068,0.349553,-12.0239,-6.65283,6.28662
27226.97,5.40611,-6.38534,0.490811,-10.3149,-8.42285,7.20215
27226.975,5.21218,-6.22253,0.593762,-8.05664,-10.9863,7.93457
27226.98,5.04937,-6.07409,0.758962,-5.67627,-13.1836,7.87354
27226.985,4.92008,-5.97832,0.962469,-3.05176,-15.3809,7.38525
27226.99,4.79559,-5.93283,1.10612,0.366211,-17.7612,6.71387
27226.995,4.76446,-5.9855,1.22104,4.5166,-19.8364,5.67627
27227.0,4.789375477907502,-6.080427086653508,1.369992787511482,9.632590073776838,-21.547588372983054,4.67399964050731
27227.005,4.844446216091602,-6.198413146523955,1.5450329621634562,15.381834412530871,-22.933520246551403,3.841135178329533
27227.01,4.918184215269435,-6.338607662971744,1.7195777429435473,21.246423710497485,-24.01927793297365,3.1920228962907835
27227.015,4.999101476330056,-6.500160119671678,1.8670443492298645,26.70844867494357,-24.82994374677008,2.741009075859929
27227.02,5.07571,-6.68222,1.96085,31.25,-25.3906,2.50244
27227.025,5.13317,-6.89769,1.98719,34.5459,-25.8179,2.50244
27227.03,5.16669,-7.18739,1.97522,37.0483,-26.3672,2.86865
27227.035,5.23372,-7.48427,1.93691,39.2456,-26.7334,3.66211
27227.04,5.31273,-7.69736,1.901,41.0156,-27.0996,4.3335
27227.045,5.40132,-7.90805,1.92015,42.3584,-27.0386,5.5542
27227.05,5.51145,-8.08522,1.9393,43.0298,-26.9775,6.5918
27227.055,5.61201,-8.16423,1.96325,43.2129,-26.3672,7.38525
27227.06,5.71496,-8.23127,2.03268,42.5415,-25.5127,8.11768
27227.065,5.76045,-8.22408,2.13084,41.2598,-24.4751,9.0332
27227.07,5.76524,-8.1762,2.20985,38.8184,-23.0103,9.64355
27227.075,5.74369,-8.07804,2.30322,35.5225,-21.4844,9.94873
27227.08,5.74608,-8.02297,2.34392,31.7383,-19.7144,10.498
27227.085,5.7389,-7.8865,2.34871,27.3438,-17.7002,10.8032
27227.09,5.68144,-7.78594,2.30562,22.4609,-15.625,11.1694
27227.095,5.59764,-7.69496,2.2314,17.7612,-13.5498,11.2915
27227.1,5.489653590223625,-7.633474457125485,2.1634317099683624,13.590665031737048,-11.568004662675992,11.439405433381909
27227.105,5.368208323865245,-7.5982710042979935,2.106809206394684,10.01625010000005,-9.71455063835077,11.664568677541022
27227.11,5.249042262291638,-7.572263322875873,2.057355847787821,7.062261649367475,-8.003606281092075,11.90122920519788
27227.115,5.147893467204453,-7.538365094323128,2.0108949928150466,4.753006133894287,-6.449339950140782,12.083626488464771
27227.12,5.0805,-7.47949,1.96325,3.11279,-5.06592,12.146
27227.125,5.04458,-7.40048,1.92015,2.0752,-3.84521,12.0239
27227.13,4.99191,-7.3478,1.91536,1.34277,-2.68555,11.7188
27227.135,4.95121,-7.25683,1.93691,0.976562,-1.58691,11.3525
27227.14,4.93445,-7.185,1.94649,0.854492,-0.854492,10.8032
27227.145,4.93684,-7.11557,1.97761,0.793457,-0.12207,10.3149
27227.15,4.97994,-7.0605,2.02549,0.732422,0.488281,9.58252
27227.155,5.05416,-6.99346,2.0231,0.610352,0.976562,9.0332
27227.16,5.14993,-6.98867,2.03986,0.305176,1.40381,8.23975
27227.165,5.19781,-6.95037,2.03986,0.183105,1.95312,7.69043
27227.17,5.23372,-6.94079,2.03747,-0.305176,2.50244,7.26318
27227.175,5.29837,-6.94079,2.02549,-0.671387,2.86865,6.7749
27227.18,5.3678,-6.94797,2.02071,-1.09863,3.479,6.53076
27227.185,5.41568,-6.94797,2.01113,-1.52588,3.72314,6.10352
27227.19,5.46357,-6.96473,2.00874,-1.95312,3.96729,5.98145
27227.195,5.48272,-6.93121,2.03986,-2.38037,4.27246,5.79834
27227.2,5.46596,-6.90009,2.07098,-2.74658,4.39453,5.43213
27227.205,5.4516,-6.85939,2.07338,-3.17383,4.63867,5.31006
27227.21,5.44202,-6.84981,2.09493,-3.479,4.88281,5.06592
27227.215,5.44441,-6.85939,2.1476,-3.90625,5.00488,4.88281
27227.22,5.44441,-6.82587,2.20506,-4.3335,5.43213,4.57764
27227.225,5.43723,-6.79474,2.26731,-4.69971,5.7373,4.27246
27227.23,5.43484,-6.7732,2.30562,-5.00488,6.10352,3.96729
27227.235,5.45399,-6.75644,2.3966,-5.18799,6.5918,3.60107
27227.24,5.45399,-6.73728,2.40617,-5.49316,7.20215,2.99072
27227.245,5.4923,-6.69898,2.45406,-5.67627,7.62939,2.44141
27227.25,5.52103,-6.71334,2.53546,-5.79834,8.17871,1.95312
27227.255,5.56173,-6.70137,2.63602,-5.7373,8.8501,1.15967
27227.26,5.60483,-6.6894,2.7246,-5.85938,9.46045,0.488281
27227.265,5.63116,-6.70137,2.78446,-5.67627,10.1318,-0.183105
27227.27,5.66468,-6.6894,2.87065,-5.49316,10.8032,-0.976562
27227.275,5.67426,-6.66785,2.94966,-5.18799,11.5356,-1.77002
27227.28,5.71496,-6.62476,2.99993,-5.00488,12.3291,-2.44141
27227.285,5.71975,-6.58645,3.12204,-4.69971,13.0005,-3.11279
27227.29,5.72454,-6.55532,3.15795,-4.5166,13.7939,-3.96729
27227.295,5.72454,-6.50026,3.20823,-4.15039,14.4043,-4.69971
27227.3,5.73411,-6.46195,3.23696,-3.84521,14.9536,-5.43213
27227.305,5.71975,-6.43083,3.29921,-3.66211,15.686,-6.10352
27227.31,5.71735,-6.37815,3.32315,-3.479,16.3574,-6.83594
27227.315,5.71496,-6.33266,3.36625,-3.41797,16.7847,-7.62939
27227.32,5.70538,-6.25365,3.39498,-3.35693,17.395,-8.36182
27227.325,5.71257,-6.20338,3.37104,-3.66211,17.8223,-9.09424
27227.33,5.71257,-6.17465,3.33752,-3.78418,18.1885,-9.8877
27227.335,5.71257,-6.16507,3.33033,-4.08936,18.6768,-10.5591
27227.34,5.74608,-6.13873,3.25611,-4.45557,18.8599,-11.1084
27227.345,5.73172,-6.16268,3.16753,-4.63867,18.8599,-11.7798
27227.35,5.74369,-6.21295,3.07415,-4.63867,18.6768,-12.3291
27227.355,5.76045,-6.28717,2.93529,-4.27246,18.1885,-12.7563
27227.36,5.83706,-6.36858,2.81079,-3.60107,17.5781,-13.1226
27227.365,5.94001,-6.50265,2.70784,-2.62451,16.7847,-13.4277
27227.37,5.98072,-6.62236,2.60489,-1.46484,15.8081,-13.5498
27227.375,6.07648,-6.77798,2.52349,-0.366211,14.5264,-13.4888
27227.38,6.195629189597058,-6.945618973055131,2.469378890454366,0.6847177874042719,13.098770651751044,-13.23169349833896
27227.385,6.318568505287417,-7.101997522612852,2.4422499602333416,1.6626136414052726,11.607732590608965,-12.832286637764737
27227.39,6.443704226096789,-7.232257585561381,2.4421765847802663,2.511773201167441,10.091980204591245,-12.366113028343944
27227.395,6.569442631325407,-7.321541099069163,2.469232139548136,3.176493107682182,8.590207878383733,-11.908706279073863
27227.4,6.69419,-7.35499,2.52349,3.60107,7.14111,-11.5356
27227.405,6.80672,-7.3478,2.63602,3.72314,5.79834,-11.2915
27227.41,6.89051,-7.37654,2.87783,3.54004,4.63867,-11.0474
27227.415,6.99825,-7.35738,3.09331,3.2959,3.60107,-10.6812
27227.42,7.05332,-7.31907,3.32555,2.99072,2.62451,-10.6201
27227.425,7.11317,-7.29992,3.56018,2.74658,1.83105,-10.437
27227.43,7.18021,-7.29034,3.73495,2.74658,1.2207,-10.437
27227.435,7.2257,-7.21373,3.87621,2.68555,0.854492,-10.437
27227.44,7.23767,-7.15866,4.04381,3.2959,0.793457,-10.6201
27227.445,7.28795,-7.11078,4.23534,4.45557,0.976562,-10.7422
27227.45,7.36217,-6.95276,4.43406,5.79834,1.52588,-11.0474
27227.455,7.37893,-6.89291,4.63757,7.50732,2.13623,-11.7188
27227.460000000003,7.379532617982817,-6.833458366637481,4.81189179032854,9.233225551327536,2.952498459294148,-12.412733311487564
27227.465,7.372140184762187,-6.759390819738347,4.946286669469219,10.888784525904295,3.970852097549322,-13.058993469884976
27227.47,7.346489442539544,-6.706430089464075,5.038770653556584,12.505368726261676,5.105973507051138,-13.693976973106516
27227.475,7.292317133574363,-6.710298906126332,5.0873597583969525,14.114349950139042,6.272545277034265,-14.354080317166718
27227.48,7.19936,-6.80672,5.09007,15.7471,7.38525,-15.0757
27227.485,7.09163,-6.97431,5.05416,17.5171,8.30078,-15.8691
27227.49,7.05571,-7.1012,5.01825,19.5923,8.8501,-16.6626
27227.495,7.00783,-7.36935,4.98952,21.3623,9.39941,-17.5171
27227.5,7.06529,-7.51061,4.94163,22.9492,9.70459,-18.4937
27227.505,7.11078,-7.74764,4.94163,24.6582,9.76562,-18.9819
27227.51,7.1826,-7.90326,4.90093,25.7568,9.82666,-19.5923
27227.515,7.30471,-7.93678,4.88896,26.001,9.94873,-20.2026
27227.52,7.37414,-7.99424,4.83868,25.8789,9.82666,-20.2026
27227.525,7.49864,-7.92241,4.82192,24.9023,10.2539,-19.9585
27227.53,7.63511,-7.73327,4.77404,22.522,10.8643,-19.2261
27227.535,7.69975,-7.57525,4.68306,18.6768,11.5356,-18.4937
27227.54,7.68778,-7.51061,4.51786,14.2212,12.5122,-17.5781
27227.545,7.66863,-7.50582,4.28802,10.2539,13.2446,-16.4185
27227.55,7.61835,-7.49864,4.03423,6.83594,13.7939,-15.2588
27227.555,7.54892,-7.51061,3.73256,4.27246,14.2822,-13.9771
27227.56,7.46991,-7.49864,3.4261,2.86865,14.5874,-12.7563
27227.565,7.34062,-7.55849,3.14119,2.44141,13.6719,-11.4746
27227.57,7.31668,-7.6399,2.79882,3.17383,12.6953,-10.1318
27227.575,7.25683,-7.72848,2.54264,4.3335,11.9629,-8.8501
27227.58,7.21852,-7.80031,2.30801,5.7373,10.8643,-7.56836
27227.585,7.14669,-7.90326,2.10929,7.38525,9.46045,-6.16455
27227.59,7.07008,-8.02536,1.87466,8.97217,7.8125,-5.00488
27227.595,6.96473,-8.12353,1.61369,10.376,6.46973,-4.02832
27227.6,6.80432,-8.14986,1.41258,11.4136,5.24902,-3.11279
27227.605,6.62715,-8.18578,1.17316,11.7798,4.02832,-2.01416
27227.61,6.46434,-8.26239,0.926556,11.1694,2.74658,-0.732422
27227.615,6.32787,-8.31985,0.670376,9.8877,1.40381,0.793457
27227.62,6.25605,-8.37731,0.462081,7.87354,0.244141,2.62451
27227.625,6.1124,-8.4635,0.277727,5.31006,-0.366211,4.45557
27227.63,6.05494,-8.39168,0.126893,3.23486,-1.34277,6.22559
27227.635,6.02381,-8.38449,0.0263362,1.46484,-1.2207,7.26318
27227.64,5.93762,-8.33422,-0.011971,-0.366211,-0.610352,8.23975
27227.645,5.91607,-8.26239,-0.0191536,-2.50244,0.244141,8.78906
27227.65,5.86819,-8.16183,-0.023942,-5.06592,1.46484,9.15527
27227.655,5.91128,-8.03015,0.0311246,-7.62939,3.11279,9.0332
27227.66,5.97832,-7.89368,0.148441,-10.437,5.18799,8.48389
27227.665,6.0717,-7.8027,0.299275,-13.855,7.44629,7.56836
27227.67,6.22014,-7.71891,0.411803,-17.4561,9.8877,6.53076
27227.675,6.34703,-7.69018,0.531513,-20.9351,12.5122,5.5542
27227.68,6.457950002684858,-7.673090284913918,0.6575807843312899,-24.39539624380029,14.950866943134224,4.489753255902795
27227.685,6.561681302450292,-7.646966746854235,0.7753392636521766,-27.739860786271716,17.124026434718928,3.3119543789587245
27227.69,6.659991600810034,-7.605924066366758,0.8722017507468744,-30.794607204882688,19.05441245351826,2.049923674907121
27227.695,6.754648599489793,-7.544076923904412,0.9355815586080052,-33.38574908372733,20.76475898241336,0.7327814466913342
27227.7,6.84742,-7.45554,0.952892,-35.3394,22.2778,-0.610352
27227.705,6.9384,-7.35499,0.94571,-36.499,23.5596,-1.95312
27227.71,7.02698,-7.30471,1.00317,-36.8652,24.4751,-3.2959
27227.715,7.12514,-7.2688,1.02472,-36.7432,25.2075,-4.63867
27227.72,7.21726361843796,-7.250017378609159,1.0355291889875653,-36.2657687032652,25.61751760590077,-5.788201876766645
27227.725,7.298925642229911,-7.246988738648878,1.0519740965246278,-35.49029054894653,25.683064163933004,-6.703944406595838
27227.73,7.370924343391439,-7.252352535603674,1.0750986682418309,-34.4714032568895,25.44317180833308,-7.399985919108658
27227.735,7.43405799375666,-7.258747224965043,1.1059468497367313,-33.263744548563615,24.936872673097344,-7.890414741852508
27227.74,7.489124865185495,-7.258811262221486,1.145562586584408,-31.9219521459878,24.20319889299751,-8.18931920297321
27227.745,7.536923229654831,-7.24518310286202,1.1949898244492227,-30.50066376818347,23.281182601106924,-8.310787631194223
27227.75,7.578251359018999,-7.210501202367853,1.255272508913012,-29.054517137091796,22.20985593204604,-8.268908354527134
27227.755,7.613907525151176,-7.147404016281479,1.3274545855260207,-27.638149974726343,21.0282510208699,-8.077769701458942
27227.76,7.64469,-7.04853,1.41258,-26.3062,19.7754,-7.75146
27227.765,7.66145,-6.91685,1.49398,-25.1465,18.5547,-7.32422
27227.77,7.63511,-6.80432,1.52271,-24.292,17.5171,-6.89697
27227.775,7.5968,-6.76362,1.55384,-23.6206,16.2964,-6.46973
27227.78,7.557522061115425,-6.717252354659254,1.564529754191389,-23.143694446649743,15.211622219132604,-5.83720159437225
27227.785,7.507578667211579,-6.6398465705039005,1.5545864491552033,-22.82120275790395,14.29053193143072,-5.008515878878264
27227.79,7.434418242701209,-6.529121608946157,1.537622267015601,-22.58457384555424,13.423550533350245,-4.062744365469087
27227.795,7.32548921218838,-6.382796431674215,1.5272493899226895,-22.365256622272344,12.50109942405537,-3.0789585686012195
27227.8,7.16824,-6.19859,1.53708,-22.0947,11.4136,-2.13623
27227.805,6.99586,-5.99269,1.55384,-21.7896,10.1929,-1.34277
27227.81,6.91924,-5.82749,1.52271,-21.7896,9.21631,-0.793457
27227.815,6.77798,-5.67905,1.55384,-22.2778,8.23975,-0.305176
27227.82,6.66067,-5.56891,1.5706,-22.7051,7.26318,-0.12207
27227.825,6.54335,-5.61201,1.5706,-22.522,6.28662,0.244141
27227.83,6.4404,-5.57131,1.59693,-22.2168,5.18799,0.671387
27227.835,6.33506,-5.44202,1.66636,-21.9116,4.27246,0.854492
27227.84,6.26802,-5.61201,1.72383,-21.4233,2.99072,0.793457
27227.845,6.19141,-5.54497,1.73819,-20.3247,1.95312,0.854492
27227.85,6.12197,-5.39174,1.79805,-19.7144,0.915527,0.854492
27227.855,6.09803,-5.4109,1.84832,-19.3481,-0.244141,0.549316
27227.86,6.10521,-5.5761,1.90339,-18.4326,-1.40381,0.183105
27227.865,6.10761,-5.7413,1.98719,-16.8457,-2.50244,0.12207
27227.87,6.14831,-5.86101,2.09493,-14.7095,-3.2959,0.0
27227.875,6.17465,-5.91128,2.20745,-12.6343,-4.15039,-0.0610352
27227.88,6.21535,-5.9448,2.32716,-11.1084,-4.63867,0.0
27227.885,6.28717,-5.97832,2.36547,-9.76562,-5.18799,0.12207
27227.89,6.32069,-6.01423,2.46603,-8.72803,-5.5542,0.12207
27227.895,6.41646,-6.05254,2.54743,-8.05664,-5.7373,0.305176
27227.9,6.46674,-6.05733,2.59531,-7.56836,-5.85938,0.549316
27227.905,6.55532,-6.11,2.68629,-7.62939,-5.67627,0.915527
27227.91,6.59842,-6.13155,2.73178,-7.87354,-5.12695,1.2207
27227.915,6.63912,-6.12437,2.79403,-8.30078,-4.45557,1.2207
27227.92,6.681581356781472,-6.128709114344411,2.8493253650667074,-8.855637320901275,-3.702693922110067,1.2887150931589728
27227.925,6.718165884681381,-6.14430346136908,2.8857661474598317,-9.504856239912735,-2.875557694314229,1.4646825969127908
27227.93,6.744532734220379,-6.159883251233516,2.904615247349042,-10.23675849905074,-1.9915095047354163,1.6554705542293664
27227.935,6.756341055831721,-6.164178694062802,2.9071355648223287,-11.039665838333162,-1.067897543969828,1.7679470076332624
27227.94,6.74925,-6.14592,2.89459,-11.9019,-0.12207,1.70898
27227.945,6.72292,-6.09564,2.87304,-12.7563,0.793457,1.46484
27227.95,6.69179,-6.03339,2.86107,-13.4277,1.58691,1.28174
27227.955,6.67025,-6.02142,2.86107,-14.0381,2.44141,1.15967
27227.96,6.66785,-5.9879,2.87304,-14.4653,3.2959,0.793457
27227.965,6.67743,-5.95199,2.85868,-14.6484,4.15039,0.305176
27227.97,6.69898,-5.91368,2.86825,-14.4043,5.00488,-0.12207
27227.975,6.68222,-5.87537,2.91374,-13.7939,5.7373,-0.488281
27227.98,6.70137,-5.8227,2.94008,-13.1836,6.5918,-0.854492
27227.985,6.70855,-5.7413,2.94726,-11.9629,7.32422,-1.28174
27227.99,6.74447,-5.6982,2.99275,-10.6201,8.17871,-1.70898
27227.995,6.77559,-5.72214,3.055,-9.21631,8.66699,-1.89209
27228.0,6.7732,-5.63834,3.10049,-8.36182,9.15527,-2.13623
27228.005,6.74925,-5.95917,3.27048,-6.16455,9.39941,-1.83105
27228.01,6.89291,-5.70059,3.07894,-3.72314,8.97217,-1.52588
27228.015,6.84263,-5.64553,3.14119,-3.17383,9.15527,-1.77002
27228.02,6.759535586622408,-5.672168951218966,3.253229133930901,-2.9387237889836046,9.388087746081386,-2.048097214759553
27228.025,6.711388864497334,-5.674313234907312,3.3137405972103906,-2.506593465629148,9.44308635333549,-2.211491142818164
27228.03,6.691944153098205,-5.657639725727047,3.332404436719274,-1.9194932440110128,9.346824622862115,-2.27883111020782
27228.035,6.694955771868728,-5.627825298294877,3.318900699360351,-1.2194773368503888,9.12586135548627,-2.26874644306578
27228.04,6.714178040300946,-5.590546827261185,3.282909431987503,-0.4485999581242019,8.806755352207363,-2.1998664673609243
27228.045,6.743365277863074,-5.55148118727038,3.234110681482239,0.3510846785665145,8.416065414006582,-2.0908205091438123
27228.05,6.7762718039995375,-5.516305252989673,3.18218449476264,1.1375223590635386,7.98035034219207,-1.9602378945633336
27228.055,6.806651938230225,-5.490695899008845,3.1368109186287843,1.868658870935754,7.526168937094859,-1.8267479494687309
27228.06,6.82826,-5.48033,3.10767,2.50244,7.08008,-1.70898
27228.065,6.83305,-5.48512,3.09091,2.99072,6.65283,-1.58691
27228.07,6.83305,-5.50906,3.04064,3.41797,6.22559,-1.34277
27228.075,6.87854,-5.58567,2.96642,4.08936,5.85938,-1.09863
27228.08,6.85221,-5.56173,2.93529,4.21143,5.5542,-0.976562
27228.085,6.83545,-5.52103,2.90896,3.90625,5.43213,-0.488281
27228.09,6.80193,-5.55934,2.8898,3.54004,5.24902,-0.183105
27228.095,6.80911,-5.61919,2.87304,3.78418,4.69971,-0.0610352
27228.1,6.84981,-5.66708,2.87065,4.08936,4.5166,0.0610352
27228.105,6.86657,-5.68862,2.81079,4.57764,4.45557,0.12207
27228.11,6.85939,-5.75087,2.85149,4.39453,4.57764,0.183105
27228.115,6.82826,-5.79157,2.83952,4.63867,4.63867,0.0610352
27228.120000000003,6.809515109015095,-5.790644046172674,2.829678638942763,5.055937057326672,4.652575558608383,-0.1383164607444199
27228.125,6.806676459173103,-5.763093755968993,2.851509153416292,5.4557165898794375,4.640162042814308,-0.3370072889267892
27228.13,6.811534254821009,-5.727387442656423,2.905554348442268,5.805554594105932,4.596381747699903,-0.4909539068975023
27228.135,6.815878700310829,-5.701993419576559,2.992357028931429,6.072997065394435,4.516186968433971,-0.5560729365365653
27228.14,6.8115,-5.70538,3.11246,6.22559,4.39453,-0.488281
27228.145,6.80911,-5.72454,3.22499,6.16455,4.3335,-0.427246
27228.15,6.84981,-5.69341,3.24654,5.67627,4.63867,-0.793457
27228.155,6.85939,-5.71496,3.40455,5.06592,4.88281,-0.854492
27228.16,6.87136,-5.67426,3.55778,4.57764,4.82178,-1.0376
27228.165,6.87375,-5.62637,3.67271,3.96729,4.88281,-1.28174
27228.17,6.92164,-5.5761,3.75171,3.23486,5.31006,-1.83105
27228.175,6.87615,-5.50188,3.94325,2.38037,5.85938,-2.01416
27228.18,6.85699,-5.42526,4.00311,1.40381,6.28662,-2.44141
27228.185,6.85221,-5.34625,4.03423,0.366211,6.40869,-3.05176
27228.19,6.8139,-5.27682,4.01986,-0.549316,7.26318,-3.60107
27228.195,6.79474,-5.27443,3.93367,-2.99072,7.99561,-3.96729
27228.2,6.8115,-5.27443,3.80917,-6.10352,8.60596,-3.96729
27228.205,6.78996,-5.33189,3.6344,-8.91113,8.60596,-4.27246
27228.21,6.7732,-5.55934,3.28963,-11.1694,8.91113,-4.15039
27228.215,6.66306,-5.96396,2.8898,-11.8408,7.62939,-3.78418
27228.22,6.572519981962891,-6.3977372844023215,2.556467893695177,-11.35507378202776,5.329109060946426,-3.376212762520593
27228.225,6.536437666228375,-6.821028998777588,2.302940014644194,-10.049399889560656,2.4268966357883053,-2.9646818711048355
27228.23,6.550153994901367,-7.232263849133408,2.1180322983873268,-8.112711990326398,-0.9404129500496088,-2.568462951436121
27228.235,6.609009910181966,-7.629870540548486,1.990560681039143,-5.7339437547418655,-4.635985364927067,-2.2064316301085625
27228.24,6.708346354138887,-8.01227777814118,1.9093410985470465,-3.10202885451056,-8.522986276248457,-1.897463533616774
27228.245,6.843504269074109,-8.377914267859607,1.8631894867020535,-0.4059009554302443,-12.464581360022082,-1.6604342877933966
27228.25,7.009824597084111,-8.725208714810503,1.8409217814811545,2.1655062709110275,-16.323936283741823,-1.5142195191785204
27228.255,7.202648280323484,-9.052589824384553,1.831353918786772,4.423259154770995,-19.964216717676685,-1.4776948540658386
27228.26,7.417316260783823,-9.358486301758075,1.8233018345293528,6.178424025359012,-23.24858832986865,-1.5697359186307258
27228.265,7.649169480934922,-9.641326852767849,1.8055814646063824,7.242067215601466,-26.04021679544905,-1.8092183392893668
27228.27,7.893548882782573,-9.89954018257399,1.767008744925341,7.4252550542733,-28.202267782151168,-2.2150177423175474
27228.275,8.145795408296104,-10.131554996408283,1.6963996114543956,6.5390538727119125,-29.597906959540524,-2.806009753507008
27228.28,8.40125,-10.3358,1.58257,4.39453,-30.0903,-3.60107
27228.285,8.67898,-10.5058,1.39821,0.488281,-29.7241,-4.63867
27228.29,9.05248,-10.6135,1.15401,-5.92041,-28.9307,-6.04248
27228.295,9.41879,-10.6781,1.0726,-12.0239,-27.3438,-7.69043
27228.3,9.60793,-10.8362,0.94571,-15.686,-25.4517,-8.91113
27228.305,9.80186,-10.9152,0.979228,-17.8833,-23.3154,-10.498
27228.31,9.96227,-10.9798,0.972046,-19.2871,-22.0947,-11.7798
27228.315,10.252,-10.9343,0.97444,-21.6675,-21.2402,-13.6719
27228.32,10.4387,-10.9391,0.940921,-26.2451,-19.2261,-15.5029
27228.325,10.5105,-10.9247,0.888249,-30.1514,-17.9443,-16.6626
27228.33,10.5417,-10.8649,0.76375,-33.5083,-16.9067,-17.8223
27228.335,10.4363,-10.7907,0.593762,-36.1938,-15.7471,-18.7378
27228.34,10.2424,-10.6398,0.469264,-38.7573,-14.5874,-19.7144
27228.345,9.98861,-10.4411,0.299275,-40.7715,-13.6719,-20.1416
27228.35,9.79947,-10.1394,0.124498,-42.6025,-12.9395,-20.5078
27228.355,9.50259,-9.98861,-0.0454898,-43.6401,-12.4512,-20.5688
27228.36,9.24641,-9.79947,-0.237026,-43.8843,-12.6343,-20.2637
27228.365,8.99023,-9.52174,-0.397437,-43.2129,-12.5732,-19.8975
27228.37,8.65983,-9.50259,-0.454898,-41.1377,-12.8784,-18.5547
27228.375,8.43956,-9.11712,-0.56982,-38.5742,-14.0991,-17.2119
27228.38,8.19535,-8.83939,-0.591368,-36.0718,-14.3433,-15.7471
27228.385,7.89608,-8.49463,-0.579397,-33.6914,-15.3809,-14.2822
27228.39,7.58723,-8.16662,-0.52433,-31.6772,-16.2354,-13.0615
27228.395,7.2664,-7.81946,-0.445322,-29.3579,-17.1509,-11.9019
27228.4,6.96473,-7.49385,-0.270545,-27.6489,-18.2495,-10.7422
27228.405,6.69179,-7.21134,-0.0933739,-25.6348,-19.104,-9.82666
27228.41,6.46195,-6.93121,0.0670376,-23.9258,-19.8364,-9.27734
27228.415,6.25365,-6.71813,0.246603,-22.0337,-20.4468,-8.60596
27228.42,6.04296,-6.55532,0.435745,-19.8975,-20.813,-8.42285
27228.425,5.8203,-6.39252,0.620098,-17.395,-21.2402,-8.05664
27228.43,5.68862,-6.27999,0.861913,-14.4653,-22.1558,-7.8125
27228.435,5.49709,-6.17943,0.995988,-11.4136,-23.3154,-7.38525
27228.44,5.32949,-6.1507,1.09415,-8.05664,-24.4141,-7.14111
27228.445,5.18105,-6.12916,1.16837,-4.39453,-25.5737,-6.7749
27228.45,5.07571,-6.19859,1.17555,-0.671387,-26.7334,-6.46973
27228.455,4.93445,-6.28957,1.14682,3.60107,-27.832,-5.5542
27228.46,4.81713,-6.40928,1.0726,7.69043,-29.1748,-4.57764
27228.465,4.78601,-6.54335,0.988805,12.0239,-30.5176,-3.2959
27228.47,4.77643,-6.67025,0.948104,15.9302,-31.7383,-1.95312
27228.475,4.72855,-6.77559,0.912191,19.4092,-33.1421,-0.488281
27228.48,4.699034582073462,-6.874878361001949,0.8507574758938825,22.33797819759719,-34.63936407502625,1.070792164643818
27228.485,4.7050297730598825,-6.970737996179726,0.7714760598067455,24.6842127562076,-36.048039696538005,2.637792151272344
27228.49,4.745414672976789,-7.060288450798826,0.6898714058276572,26.469378214954045,-37.19636327981952,4.127159654611565
27228.495,4.819068381942783,-7.140649270318965,0.6214681678610667,27.714949116644046,-37.91257124262941,5.453335372641325
27228.5,4.92487,-7.20894,0.581791,28.4424,-38.0249,6.53076
27228.505,5.03261,-7.25683,0.584185,28.5645,-37.6587,7.44629
27228.51,5.08528,-7.29513,0.581791,27.8931,-37.6587,8.54492
27228.515,5.19542,-7.44118,0.452504,27.2827,-37.2925,9.09424
27228.52,5.15232,-7.5992,0.423774,26.8555,-36.2549,9.70459
27228.525,5.26246,-7.59201,0.399832,25.9399,-36.2549,10.5591
27228.53,5.29837,-7.67342,0.40462,25.5737,-35.0342,10.6812
27228.535,5.33189,-7.72609,0.457293,24.8413,-33.6304,10.6201
27228.54,5.39892,-7.75961,0.502782,23.8647,-32.5928,10.8643
27228.545,5.47554,-7.69975,0.536301,22.7051,-31.311,10.8643
27228.55,5.54976,-7.69736,0.608127,21.4844,-29.9072,10.7422
27228.555,5.62159,-7.63511,0.711078,19.8364,-28.2593,10.5591
27228.56,5.65271,-7.61117,0.799663,18.3105,-26.6113,10.1929
27228.565,5.69341,-7.50822,0.881066,16.7236,-24.9634,9.82666
27228.57,5.69102,-7.53695,0.988805,15.0146,-23.0713,9.52148
27228.575,5.69581,-7.52019,1.04387,13.6719,-21.3623,9.15527
27228.58,5.6982,-7.52258,1.11809,12.5732,-19.5312,9.0332
27228.585,5.6982,-7.48667,1.16598,11.8408,-17.8223,8.8501
27228.59,5.67186,-7.48906,1.20907,11.7188,-16.2354,8.97217
27228.595,5.63595,-7.4316,1.26893,11.5967,-14.4653,8.78906
27228.6,5.59046,-7.38611,1.33596,11.8408,-12.9395,8.8501
27228.605,5.53061,-7.27119,1.36948,12.207,-11.1694,8.60596
27228.61,5.48033,-7.13951,1.38145,12.2681,-9.33838,8.23975
27228.615,5.4492,-6.98867,1.4461,12.3901,-7.32422,7.62939
27228.62,5.38935,-6.83305,1.47722,12.3901,-5.31006,6.65283
27228.625,5.31513,-6.69419,1.54665,12.2681,-3.11279,5.49316
27228.63,5.2457,-6.5673,1.54187,11.8408,-0.732422,4.27246
27228.635,5.16908,-6.43322,1.60412,11.6577,1.77002,2.86865
27228.64,5.0805,-6.30633,1.63285,11.4136,4.5166,1.52588
27228.645,5.01106,-6.18901,1.64242,11.2305,7.14111,0.0
27228.65,4.92727,-6.07888,1.66876,11.1084,9.94873,-1.70898
27228.655,4.83389,-5.97593,1.68312,11.2915,12.6953,-3.2959
27228.66,4.7991102586812255,-5.96733914719295,1.6409120243853252,12.388733562344653,14.821721048250389,-4.548979939396156
27228.665,4.833099191863767,-6.059534915253185,1.5448615156897705,14.317649386998946,16.284204665948813,-5.495918349222212
27228.67,4.927037219132535,-6.2310879147252685,1.4104328490708768,16.7906669028373,17.184882132194165,-6.218096348250616
27228.675,5.072104760302512,-6.460568756564894,1.25309039937317,19.520205544434763,17.625884727809787,-6.796895056718811
27228.68,5.2594822349990205,-6.72654805136657,1.0882985417318942,22.218684740957016,17.70934373152296,-7.31369559326532
27228.685,5.480350062894997,-7.007596409823355,0.9315216511965698,24.59852392320603,17.5373904229083,-7.849879077126015
27228.69,5.725888663477886,-7.282284442435956,0.7982241029014127,26.372142520983584,17.212156081808036,-8.486826627016939
27228.695,5.987278456783273,-7.529182760310146,0.7038702716925929,27.251959967846968,16.83577198726158,-9.3059193630515
27228.7,6.255699862313348,-7.726861973934212,0.6639245327270359,26.95039569305226,16.510369419036806,-10.388538404048663
27228.705,6.522333299741041,-7.85389269400121,0.6938512610542621,25.17986912740143,16.338079656708317,-11.816064869244304
27228.71,6.778359188559004,-7.888845531217463,0.8091148316051315,21.652799704971496,16.42103397967274,-13.669879876350649
27228.715,7.014957948818082,-7.810291096339881,1.0251796195875185,16.081606851606235,16.861363667563467,-16.03136454725188
27228.72,7.22331,-7.5968,1.35751,8.17871,17.7612,-18.9819
27228.725,7.44118,-7.32386,1.73101,-1.52588,18.8599,-22.1558
27228.73,7.8434,-7.31907,1.82678,-9.82666,18.9819,-24.1089
27228.735,8.44914,-7.47709,1.70467,-15.3198,18.7988,-25.3906
27228.74,9.11233,-7.61835,1.50116,-18.2495,19.4092,-25.8179
27228.745,9.48343,-7.6399,1.30005,-19.4702,20.6909,-25.4517
27228.75,9.71567,-7.54413,1.26174,-19.8364,22.644,-24.6582
27228.755,9.67018,-7.42681,1.28329,-19.6533,24.7192,-23.6206
27228.76,9.29669,-7.33105,1.32399,-18.3716,26.8555,-21.7896
27228.765,8.69335,-7.33344,1.24498,-15.8691,27.0996,-19.7754
27228.77,8.37013,-7.32386,1.13725,-11.4136,26.4282,-18.3716
27228.775,8.31985,-7.21612,1.01275,-5.85938,26.062,-17.5781
27228.78,8.28394,-7.09163,0.948104,-0.0610352,26.123,-17.0288
27228.785,8.23605,-6.98867,0.881066,5.18799,26.3062,-16.2964
27228.79,8.03973,-6.90009,0.897826,8.97217,26.5503,-15.3198
27228.795,7.75242,-6.80432,0.861913,11.5356,26.4893,-14.2212
27228.8,7.39808,-6.69898,0.842759,12.7563,25.6348,-13.0615
27228.805,7.09163,-6.61039,0.794875,12.8784,25.0854,-11.9629
27228.81,6.81629,-6.50983,0.785298,12.6343,24.4751,-11.2305
27228.815,6.63912,-6.38534,0.758962,11.8408,23.7427,-10.6812
27228.82,6.51941,-6.27041,0.739808,10.9253,23.4375,-10.3149
27228.825,6.37097,-6.20338,0.694318,9.8877,23.4375,-9.94873
27228.83,6.15549,-6.18422,0.663194,9.0332,23.0713,-9.64355
27228.835,6.01184,-6.14592,0.624887,8.23975,22.7051,-9.21631
27228.84,5.87537,-6.17704,0.588974,7.69043,22.1558,-8.78906
27228.845,5.77003,-6.18901,0.574608,7.44629,21.6675,-8.30078
27228.85,5.7413,-6.21295,0.56982,7.38525,21.3623,-7.87354
27228.855,5.71496,-6.24887,0.588974,7.38525,20.752,-7.50732
27228.86,5.69581,-6.28957,0.577003,7.8125,19.8975,-7.20215
27228.865,5.86819,-6.30393,0.663194,8.23975,19.2261,-6.89697
27228.87,6.14592,-6.29436,0.758962,8.11768,19.165,-6.7749
27228.875,6.39252,-6.30633,0.823605,7.56836,19.2871,-6.71387
27228.88,6.5242,-6.37576,0.905008,6.71387,19.104,-6.46973
27228.885,6.66067,-6.44519,0.962469,5.79834,18.9209,-6.5918
27228.89,6.7708,-6.46434,0.976834,5.06592,18.5547,-6.40869
27228.895,6.8953,-6.51702,0.993594,4.57764,18.3716,-6.16455
27228.9,7.02459,-6.56011,1.02472,4.15039,17.9443,-6.10352
27228.905,7.18021,-6.60321,1.09654,4.08936,17.5171,-5.79834
27228.91,7.3071,-6.63194,1.17555,3.96729,17.0898,-5.49316
27228.915,7.434,-6.6487,1.23301,3.90625,16.8457,-5.31006
27228.92,7.52019,-6.65109,1.3216,3.60107,16.6016,-5.00488
27228.925,7.5992,-6.67025,1.39582,3.35693,16.6626,-4.88281
27228.93,7.6375,-6.66306,1.48201,2.92969,16.5405,-4.88281
27228.935,7.6782,-6.63912,1.54905,2.44141,16.2964,-5.06592
27228.94,7.68539,-6.6463,1.56581,1.77002,16.3574,-5.12695
27228.945,7.66623,-6.64391,1.66158,0.976562,16.3574,-5.18799
27228.95,7.61596,-6.59842,1.70467,0.427246,16.1743,-5.31006
27228.955,7.57525,-6.5673,1.72383,-0.305176,16.2354,-5.12695
27228.96,7.52258,-6.53856,1.76213,-0.610352,16.1743,-5.12695
27228.965,7.44597,-6.50265,1.75256,-0.854492,15.9302,-5.00488
27228.97,7.39808,-6.45956,1.78129,-0.976562,15.8081,-4.88281
27228.975,7.34062,-6.39252,1.82199,-1.15967,15.564,-4.76074
27228.98,7.2664,-6.36618,1.79565,-1.28174,15.5029,-4.5166
27228.985,7.19936,-6.35421,1.80762,-1.34277,15.1978,-4.27246
27228.99,7.13233,-6.29914,1.81002,-1.64795,14.7095,-4.45557
27228.995,7.10599,-6.30154,1.84593,-1.58691,14.5264,-4.15039
27229.0,7.07726,-6.27999,1.86508,-1.52588,14.5264,-3.96729
27229.005,7.0605,-6.25365,1.88663,-1.52588,14.4043,-3.90625
27229.01,7.04614,-6.21535,1.90818,-1.95312,14.3433,-3.84521
27229.015,7.00543,-6.30154,1.86269,-2.01416,14.3433,-3.72314
27229.02,6.96713,-6.33506,1.86029,-2.0752,14.3433,-3.54004
27229.025,6.95994,-6.29675,1.82438,-2.13623,14.2822,-3.35693
27229.03,6.95516,-6.28239,1.77171,-2.50244,14.2822,-3.05176
27229.035,6.936,-6.30393,1.73101,-2.74658,14.0991,-2.80762
27229.04,6.89769,-6.33985,1.70946,-2.92969,13.855,-2.44141
27229.045,6.90967,-6.34942,1.70228,-2.99072,13.7939,-2.01416
27229.05,6.91445,-6.29675,1.68073,-3.05176,13.7939,-1.52588
27229.055,6.98389,-6.29436,1.69749,-3.41797,13.4277,-1.09863
27229.06,7.00543,-6.33745,1.64482,-3.96729,13.3667,-0.793457
27229.065,7.04853,-6.36379,1.64482,-4.39453,13.0615,-0.488281
27229.07,7.11078,-6.40688,1.62566,-4.57764,12.8784,-0.305176
27229.075,7.18021,-6.47392,1.67834,-4.57764,12.5732,0.0610352
27229.08,7.25683,-6.54575,1.72143,-4.57764,12.207,0.12207
27229.085,7.34541,-6.57448,1.75734,-4.27246,11.6577,0.305176
27229.09,7.41245,-6.62476,1.8172,-4.02832,11.1694,0.549316
27229.095,7.48667,-6.67503,1.86508,-3.78418,10.6812,0.610352
27229.1,7.57525,-6.67025,1.98479,-3.41797,10.1318,0.793457
27229.105,7.62793,-6.72531,2.09253,-3.11279,9.58252,0.854492
27229.11,7.67102,-6.71334,2.16915,-2.86865,9.15527,0.854492
27229.115,7.75721,-6.69898,2.20745,-2.92969,8.48389,0.671387
27229.12,7.79552,-6.6894,2.25773,-3.17383,7.87354,0.610352
27229.125,7.8027,-6.72052,2.28167,-3.41797,7.38525,0.549316
27229.13,7.81228,-6.7325,2.35111,-3.54004,7.32422,0.366211
27229.135,7.82904,-6.76601,2.41096,-3.60107,7.08008,0.366211
27229.14,7.80031,-6.72292,2.43969,-3.72314,7.08008,0.427246
27229.145,7.71412,-6.62954,2.42772,-3.90625,7.01904,0.244141
27229.15,7.63271,-6.47871,2.38462,-4.57764,7.14111,0.305176
27229.155,7.54652,-6.38055,2.38223,-5.43213,7.01904,0.366211
27229.16,7.46033,-6.30633,2.30322,-5.98145,6.95801,0.610352
27229.165,7.3909,-6.23211,2.28407,-6.34766,6.89697,0.793457
27229.17,7.30471,-6.17943,2.26252,-6.46973,6.89697,1.0376
27229.175,7.2257,-6.10282,2.24337,-6.40869,6.83594,1.15967
27229.18,7.13951,-6.08606,2.2314,-6.10352,6.7749,1.2207
27229.185,7.10838,-6.03818,2.2314,-5.5542,6.53076,1.28174
27229.19,7.07008,-6.03578,2.23858,-4.82178,6.22559,1.28174
27229.195,7.02698,-6.04296,2.26731,-4.08936,6.04248,1.09863
27229.2,7.003998227132042,-6.040409032108665,2.279157684111944,-3.1865170396487144,5.771360994986752,0.8181359490611112
27229.205,7.003057547364943,-6.033323362304296,2.2725522060198373,-2.129088381148867,5.3770276430157296,0.5001440745527501
27229.21,7.020311754016936,-6.028950176448493,2.260022885881954,-1.0103852035751657,4.898526793882824,0.1820186257248968
27229.215,7.051914640451932,-6.03453666039166,2.254099043822503,0.0762813164958136,4.37490529629463,-0.0988761488805116
27229.22,7.09402,-6.05733,2.26731,1.0376,3.84521,-0.305176
27229.225,7.13712,-6.09803,2.29843,1.83105,3.35693,-0.427246
27229.23,7.16106,-6.13634,2.3128,2.56348,2.99072,-0.549316
27229.235,7.18979,-6.17704,2.33435,3.17383,2.74658,-0.671387
27229.24,7.24007,-6.2345,2.35589,3.60107,2.44141,-0.671387
27229.245,7.26401,-6.24408,2.37744,3.96729,2.2583,-0.610352
27229.25,7.3095,-6.30393,2.41575,4.21143,1.95312,-0.549316
27229.255,7.3478,-6.35421,2.44448,4.39453,1.77002,-0.732422
27229.26,7.38132,-6.38294,2.478,4.27246,1.58691,-0.610352
27229.265,7.42681,-6.40928,2.47321,4.15039,1.70898,-0.610352
27229.27,7.44597,-6.4428,2.50194,4.02832,1.64795,-0.610352
27229.275,7.46273,-6.45716,2.51391,3.84521,1.46484,-0.671387
27229.28,7.44118,-6.45956,2.52349,3.60107,1.34277,-0.732422
27229.285,7.41005,-6.44998,2.54025,3.2959,1.40381,-0.793457
27229.29,7.40287,-6.44998,2.52109,2.86865,1.28174,-0.976562
27229.295,7.38851,-6.45956,2.50433,2.50244,1.09863,-0.854492
27229.3,7.3909,-6.42843,2.4756,2.0752,1.0376,-1.0376
27229.305,7.37893,-6.42604,2.45166,1.77002,0.915527,-0.976562
27229.31,7.36696,-6.41646,2.42054,1.70898,0.793457,-1.15967
27229.315,7.34062,-6.39731,2.43969,1.52588,0.549316,-0.976562
27229.32,7.315561423013007,-6.3731931320669615,2.473363946552631,1.4046469861665851,0.2321246171639955,-0.6995160423509091
27229.325,7.2959239167874275,-6.347554480846088,2.5044139486845323,1.4387644176350982,-0.1231920519492638,-0.4714247885978167
27229.33,7.27971769906519,-6.3243972636067385,2.528921977524975,1.649465355851769,-0.5030186293903478,-0.3086144137651974
27229.335,7.264952987554816,-6.307724697567171,2.542970004255769,2.0579828627792573,-0.8937397380527767,-0.2274110925399545
27229.34,7.24964,-6.30154,2.54264,2.68555,-1.28174,-0.244141
27229.345,7.23288,-6.30154,2.53785,3.41797,-1.64795,-0.305176
27229.35,7.22331,-6.28478,2.5594,3.84521,-1.95312,-0.183105
27229.355,7.2257,-6.26323,2.54982,4.3335,-2.19727,0.0
27229.36,7.18979,-6.22732,2.54743,5.00488,-2.50244,0.0610352
27229.365,7.18021,-6.22253,2.55461,5.43213,-2.80762,0.0
27229.37,7.18021,-6.22732,2.5187,5.98145,-2.86865,0.0610352
27229.375,7.15387,-6.2369,2.50433,6.28662,-3.05176,0.183105
27229.38,7.16824,-6.22253,2.50673,6.5918,-3.2959,0.183105
27229.385,7.14669,-6.28239,2.48039,6.7749,-3.479,0.427246
27229.39,7.10838,-6.28478,2.45406,6.95801,-3.60107,0.427246
27229.395,7.12993,-6.2752,2.46842,7.20215,-3.60107,0.488281
27229.4,7.13712,-6.28478,2.44927,7.20215,-3.84521,0.427246
27229.405,7.13951,-6.28717,2.43969,7.26318,-3.90625,0.549316
27229.41,7.13951,-6.28957,2.44927,7.08008,-4.02832,0.732422
27229.415,7.13472,-6.30633,2.4756,7.08008,-4.21143,0.671387
27229.42,7.11557,-6.30872,2.45645,7.14111,-4.27246,0.732422
27229.425,7.12275,-6.33027,2.47321,7.14111,-4.3335,0.854492
27229.43,7.11557,-6.33745,2.47082,7.20215,-4.27246,0.915527
27229.435,7.09402,-6.29914,2.49236,7.38525,-4.39453,0.915527
27229.44,7.08684,-6.29914,2.49955,7.44629,-4.57764,0.976562
27229.445,7.08684,-6.30154,2.53307,7.56836,-4.57764,0.915527
27229.45,7.10838,-6.29675,2.52349,7.62939,-4.63867,0.915527
27229.455,7.1036,-6.32069,2.54982,7.69043,-4.5166,0.854492
27229.46,7.08684,-6.32548,2.55461,7.87354,-4.3335,0.915527
27229.465,7.09402,-6.32309,2.58813,7.99561,-4.39453,0.793457
27229.47,7.12275,-6.33745,2.58813,8.23975,-4.5166,0.732422
27229.475,7.12754,-6.38534,2.62405,8.42285,-4.3335,0.488281
27229.48,7.13233,-6.4021,2.63362,8.54492,-4.21143,0.549316
27229.485,7.13233,-6.3997,2.65517,8.66699,-3.84521,0.366211
27229.49,7.15148,-6.43083,2.66953,8.54492,-3.72314,0.183105
27229.495,7.17542,-6.43801,2.65278,8.60596,-3.60107,0.12207
27229.5,7.1916103957995645,-6.455495563674905,2.6367466978815632,8.529282508227002,-3.444502722200836,0.0603789705581809
27229.505,7.199577812707052,-6.491206353624005,2.62917072087856,8.242681358526232,-3.2748984222061384,-0.0249519587897363
27229.51,7.200997770698623,-6.537225248156496,2.627746307262785,7.808735350198848,-3.094274460852468,-0.1208146848564341
27229.515,7.197545789750542,-6.585635125688658,2.630167695306003,7.290023281522424,-2.904648198577378,-0.2141011046724431
27229.52,7.190897389834813,-6.628518864534311,2.634129123283646,6.749123951713679,-2.708036996210145,-0.2917031150533395
27229.525,7.18272809092665,-6.657959343037964,2.637324829468153,6.248616159719607,-2.506458214452389,-0.3405126128822076
27229.53,7.174713413006641,-6.666039439547945,2.6374490521335465,5.851078704723808,-2.3019292141551286,-0.3474214950555268
27229.535,7.168528876037323,-6.644842032425324,2.6321960295538456,5.619090385056843,-2.09646735572113,-0.2993216584743829
27229.54,7.16585,-6.58645,2.61926,5.61523,-1.89209,-0.183105
27229.545,7.15866,-6.50265,2.59771,5.67627,-1.77002,0.0
27229.55,7.12993,-6.46434,2.56658,5.18799,-1.89209,0.183105
27229.555,7.13472,-6.46674,2.52828,4.82178,-1.83105,0.305176
27229.56,7.13233,-6.44519,2.53546,4.57764,-1.83105,0.427246
27229.565,7.13233,-6.42125,2.52828,4.39453,-1.77002,0.488281
27229.57,7.13712,-6.41646,2.51391,4.21143,-1.83105,0.732422
27229.575,7.13233,-6.39252,2.5187,4.08936,-1.95312,0.793457
27229.58,7.133346080937725,-6.367685671133632,2.520188544086136,3.9633508820343786,-2.052554423718555,0.8138049741539548
27229.585,7.141803827553246,-6.35063947305447,2.513364589794245,3.828557263652837,-2.115315242354776,0.8458122070183368
27229.59,7.153344533707104,-6.342419439395045,2.5012473634529973,3.707939204141821,-2.1405668491809364,0.8676454528290297
27229.595,7.163609493234966,-6.344063603823646,2.4868560914156967,3.624456763137173,-2.1274736373420478,0.8574714657647502
27229.6,7.16824,-6.35661,2.47321,3.60107,-2.0752,0.793457
27229.605,7.16585,-6.37576,2.46363,3.66211,-2.01416,0.732422
27229.61,7.16585,-6.38534,2.46363,3.78418,-2.0752,0.854492
27229.615,7.17063,-6.39491,2.4756,3.78418,-2.19727,0.793457
27229.62,7.17063,-6.40688,2.48997,3.66211,-2.0752,0.610352
27229.625,7.185,-6.43561,2.52349,3.54004,-2.13623,0.610352
27229.63,7.19697,-6.43561,2.52588,3.35693,-2.13623,0.671387
27229.635,7.19218,-6.42843,2.5594,2.99072,-2.01416,0.671387
27229.64,7.192796607105197,-6.426654655044225,2.588365681858851,2.600174678098788,-1.9530248865542692,0.6624598259255553
27229.645,7.2023822767197165,-6.429942326228946,2.600485692973088,2.226408658518423,-1.9706089204357395,0.6746111631915143
27229.65,7.217166642770738,-6.436751669886342,2.5993198631613392,1.8587063001275657,-2.0309675109901537,0.72174358745848
27229.655,7.233379339220971,-6.445541342365301,2.5884280222335585,1.4863519609983666,-2.0981560677236444,0.8177596744976043
27229.66,7.24725,-6.45477,2.57137,1.09863,-2.13623,0.976562
27229.665,7.25443,-6.46195,2.55461,0.732422,-2.13623,1.15967
27229.67,7.25443,-6.46674,2.54982,0.488281,-2.13623,1.2207
27229.675,7.25922,-6.46913,2.54504,0.183105,-2.0752,1.28174
27229.68,7.25683,-6.4404,2.52588,0.0610352,-2.13623,1.34277
27229.685,7.26401,-6.47392,2.50912,0.0,-2.13623,1.52588
27229.69,7.24246,-6.46434,2.50912,-0.0610352,-2.2583,1.40381
27229.695,7.23049,-6.43801,2.49955,-0.12207,-2.2583,1.52588
27229.7,7.22331,-6.44759,2.52349,-0.183105,-2.19727,1.58691
27229.705,7.2257,-6.41885,2.54504,-0.305176,-2.31934,1.64795
27229.71,7.20894,-6.42604,2.47082,-0.427246,-2.2583,1.58691
27229.715,7.1826,-6.42604,2.46603,-0.488281,-2.31934,1.52588
27229.72,7.17303,-6.41167,2.46603,-0.671387,-2.38037,1.34277
27229.725,7.15866,-6.41167,2.4373,-0.732422,-2.2583,1.34277
27229.73,7.17063,-6.42125,2.42772,-0.976562,-2.2583,1.40381
27229.735,7.16106,-6.41407,2.42533,-0.915527,-2.2583,1.46484
27229.74,7.13951,-6.41407,2.3966,-1.15967,-2.31934,1.52588
27229.745,7.12993,-6.43801,2.40378,-1.28174,-2.44141,1.77002
27229.75,7.11796,-6.43801,2.39899,-1.40381,-2.50244,1.89209
27229.755,7.12993,-6.43083,2.42054,-1.34277,-2.50244,1.83105
27229.76,7.14669,-6.43083,2.43969,-1.52588,-2.68555,2.01416
27229.765,7.12275,-6.42364,2.45166,-1.52588,-2.80762,2.0752
27229.77,7.11317,-6.41407,2.45166,-1.58691,-2.80762,2.0752
27229.775,7.12275,-6.38773,2.47082,-1.95312,-2.86865,2.0752
27229.78,7.11317,-6.36858,2.47082,-1.95312,-2.80762,2.19727
27229.785,7.1012,-6.35661,2.48279,-2.0752,-2.68555,2.19727
27229.79,7.11796,-6.37336,2.45885,-1.89209,-2.68555,2.13623
27229.795,7.09881,-6.37097,2.46124,-2.01416,-2.74658,2.13623
27229.8,7.08444,-6.359,2.4756,-1.89209,-2.62451,2.31934
27229.805,7.08444,-6.35421,2.48039,-1.83105,-2.74658,2.44141
27229.81,7.07965,-6.34224,2.47321,-1.89209,-2.62451,2.44141
27229.815,7.09163,-6.33985,2.49955,-1.77002,-2.50244,2.2583
27229.82,7.103092514149163,-6.343453916042124,2.5285059118647624,-1.6168483375450171,-2.394345692084692,2.095308894622123
27229.825,7.1084066392815215,-6.349950277998736,2.549289602689311,-1.4902761948007763,-2.2770500211418327,2.0013591095911547
27229.83,7.108694153699075,-6.35856833232375,2.5628425814024896,-1.3858690986506472,-2.153725580597164,1.9635982927259787
27229.835,7.105076835702219,-6.368537325490943,2.5701063569597533,-1.299192575759776,-2.027544963603892,1.9691740917881724
27229.84,7.098676463589712,-6.379086503955493,2.5720224382850296,-1.225812153026046,-1.9016807635845272,2.005234154632826
27229.845,7.090614815662208,-6.389445114178171,2.569532334314622,-1.1612933572638475,-1.779305573873659,2.0589261290686736
27229.85,7.08201367022655,-6.398842402613444,2.563577553990199,-1.1012017153307587,-1.6635919878868766,2.117397662863284
27229.855,7.073994805570194,-6.406507615736223,2.5550996062388283,-1.0411027539564142,-1.55771259878846,2.1677964039182687
27229.86,7.06768,-6.41167,2.54504,-0.976562,-1.46484,2.19727
27229.865,7.06289,-6.41885,2.54025,-0.915527,-1.34277,2.19727
27229.87,7.05571,-6.43322,2.55461,-0.854492,-1.09863,2.19727
27229.875,7.04614,-6.41407,2.55701,-0.671387,-0.976562,2.2583
27229.88,7.033962673658451,-6.40638292077772,2.5564682772183653,-0.5641794526534115,-0.8455528730829499,2.277270148227599
27229.885,7.022094039674178,-6.416797342903303,2.5558643917391475,-0.5602233567251058,-0.6650672071132196,2.2509844435977127
27229.89,7.014398068865244,-6.4346463046262095,2.5526583676531347,-0.6159745344195576,-0.4524299047483662,2.2152136648817784
27229.895,7.014738732033019,-6.449262844241445,2.544310229044096,-0.687888808100497,-0.2249658681638043,2.2057285907566917
27229.9,7.02698,-6.44998,2.52828,-0.732422,0.0,2.2583
27229.905,7.05092,-6.43322,2.51152,-0.732422,0.183105,2.31934
27229.91,7.06768,-6.42364,2.5187,-0.793457,0.305176,2.19727
27229.915,7.0605,-6.43561,2.51631,-0.976562,0.549316,2.2583
27229.92,7.05092,-6.43322,2.5187,-0.976562,0.610352,2.2583
27229.925,7.02938,-6.42843,2.54982,-0.915527,0.732422,2.13623
27229.93,7.06768,-6.41885,2.50433,-0.793457,0.793457,2.0752
27229.935,7.06289,-6.39012,2.52109,-0.976562,0.976562,2.13623
27229.94,7.06529,-6.41646,2.47321,-0.793457,0.915527,2.0752
27229.945,7.07247,-6.40449,2.48758,-0.671387,1.0376,1.89209
27229.95,7.07726,-6.41407,2.49955,-0.549316,1.0376,1.89209
27229.955,7.08444,-6.41646,2.48758,-0.671387,0.915527,1.95312
27229.96,7.11078,-6.41407,2.50194,-0.671387,0.976562,2.01416
27229.965,7.09881,-6.42125,2.48039,-0.488281,0.854492,2.01416
27229.97,7.08923,-6.41167,2.48039,-0.488281,0.854492,1.95312
27229.975,7.10599,-6.41885,2.45166,-0.549316,0.671387,1.95312
27229.98,7.09163,-6.40928,2.4349,-0.427246,0.671387,1.95312
27229.985,7.09641,-6.41885,2.50433,-0.488281,0.549316,1.95312
27229.99,7.11317,-6.41885,2.478,-0.610352,0.366211,2.0752
27229.995,7.12036,-6.4021,2.46842,-0.732422,0.305176,2.01416
27230.0,7.11317,-6.42604,2.46842,-0.610352,0.183105,2.0752
27230.005,7.11557,-6.41407,2.48518,-0.610352,0.183105,2.0752
27230.01,7.12993,-6.41646,2.51391,-0.671387,0.0,2.0752
27230.015,7.13233,-6.42604,2.52349,-0.549316,-0.244141,2.0752
27230.02,7.11078,-6.42843,2.49715,-0.488281,-0.244141,2.01416
27230.025,7.11557,-6.39252,2.54264,-0.244141,-0.305176,2.01416
27230.03,7.09881,-6.3997,2.53307,-0.12207,-0.366211,2.13623
27230.035,7.12036,-6.41167,2.57856,0.0,-0.305176,2.01416
27230.04,7.08684,-6.38773,2.58813,0.12207,-0.366211,1.89209
27230.045,7.09641,-6.40688,2.57856,0.305176,-0.427246,1.95312
27230.05,7.11078,-6.4021,2.57137,0.366211,-0.427246,1.89209
27230.055,7.09881,-6.4021,2.59531,0.488281,-0.427246,1.89209
27230.06,7.08444,-6.40449,2.59053,0.488281,-0.366211,1.83105
27230.065,7.07726,-6.40449,2.59531,0.488281,-0.244141,1.77002
27230.07,7.06529,-6.40928,2.59053,0.610352,-0.183105,1.70898
27230.075,7.0605,-6.4021,2.61207,0.671387,-0.12207,1.64795
27230.08,7.05811,-6.41167,2.58334,0.671387,0.12207,1.64795
27230.085,7.0605,-6.40688,2.56658,0.732422,0.0610352,1.58691
27230.09,7.06529,-6.40449,2.57377,0.610352,0.183105,1.46484
27230.095,7.03895,-6.4021,2.55701,0.671387,0.305176,1.34277
27230.1,7.01741,-6.41167,2.5618,0.671387,0.427246,1.34277
27230.105,7.04135,-6.41167,2.56658,0.610352,0.427246,1.15967
27230.11,7.02698,-6.43801,2.56658,0.610352,0.366211,1.15967
27230.115,7.03656,-6.42125,2.54504,0.793457,0.366211,1.15967
27230.12,7.03416,-6.43083,2.55222,0.793457,0.427246,1.09863
27230.125,7.04374,-6.43561,2.54504,0.976562,0.305176,1.28174
27230.13,7.04614,-6.4428,2.56898,1.09863,0.305176,1.15967
27230.135,7.04614,-6.42843,2.58334,1.2207,0.366211,1.15967
27230.14,7.05571,-6.42364,2.57137,1.40381,0.366211,1.09863
27230.145,7.06529,-6.40449,2.61686,1.58691,0.305176,1.09863
27230.15,7.04853,-6.41167,2.6001,1.58691,0.183105,1.09863
27230.155,7.05092,-6.43083,2.6432,1.70898,0.183105,1.15967
27230.16,7.04374,-6.42364,2.6025,1.83105,0.0610352,1.09863
27230.165,7.03416,-6.40928,2.58334,1.89209,0.0610352,1.28174
27230.17,7.02459,-6.43322,2.57856,2.0752,0.0,1.28174
27230.175,7.04135,-6.42125,2.59053,2.0752,0.0,1.15967
27230.18,7.02219,-6.41167,2.59531,2.13623,-0.0610352,1.09863
27230.185,7.02219,-6.41885,2.60968,2.13623,-0.12207,1.15967
27230.19,7.0198,-6.43083,2.60968,2.01416,-0.0610352,1.09863
27230.195,6.99586,-6.43561,2.59531,2.31934,0.0,1.0376
27230.2,7.00065,-6.42364,2.6025,2.31934,0.183105,0.854492
27230.205,7.01741,-6.44519,2.61207,2.31934,0.305176,1.0376
27230.21,7.01741,-6.44519,2.63841,2.38037,0.366211,0.793457
27230.215,7.03656,-6.45716,2.6408,2.38037,0.305176,0.610352
27230.22,7.02698,-6.4404,2.65756,2.38037,0.366211,0.488281
27230.225,7.00783,-6.44519,2.63362,2.44141,0.549316,0.549316
27230.23,7.02938,-6.43322,2.6408,2.38037,0.427246,0.610352
27230.235,7.03895,-6.43801,2.64799,2.50244,0.488281,0.366211
27230.24,7.02219,-6.4428,2.66714,2.74658,0.427246,0.488281
27230.245,7.03177,-6.46674,2.67193,2.62451,0.427246,0.427246
27230.25,7.04614,-6.44759,2.6839,2.68555,0.427246,0.488281
27230.255,7.04374,-6.44519,2.64799,2.68555,0.366211,0.427246
27230.26,7.038565615471885,-6.452501518537655,2.620477795530793,2.7029592318958726,0.2890899834476115,0.4532548825291155
27230.265,7.035667249473283,-6.4618548348627,2.6150114637583464,2.7684655265179146,0.219544398351132,0.5849006685740665
27230.27,7.035596075736701,-6.473059391927324,2.624019234216735,2.855784205248565,0.1702487214749169,0.7401631134609029
27230.275,7.03890326799843,-6.485924632653991,2.6399293364422265,2.938630589273371,0.1538774297439616,0.8370219721777381
27230.28,7.04614,-6.50026,2.65517,2.99072,0.183105,0.793457
27230.285,7.04853,-6.50744,2.65756,2.99072,0.244141,0.671387
27230.29,7.02698,-6.49068,2.6408,2.92969,0.244141,0.793457
27230.295,7.03177,-6.50026,2.65517,2.80762,0.183105,0.671387
27230.3,7.035338598503096,-6.514105923009367,2.6513893771890937,2.722889418270205,0.1229748683035334,0.5937105845107564
27230.305,7.029844081993087,-6.52074793780037,2.626006696058625,2.692401557768823,0.0849356539401793,0.6374986282847913
27230.31,7.019692266239347,-6.518072991089984,2.5960503263552974,2.704278988115991,0.0769615054253915,0.7506423797129504
27230.315,7.009288966985789,-6.50396802958672,2.578548637752566,2.7466442789775045,0.107026571265255,0.8810330874772363
27230.32,7.00304,-6.47632,2.59053,2.80762,0.183105,0.976562
27230.325,7.00304,-6.45237,2.62165,2.86865,0.244141,1.0376
27230.33,7.00304,-6.47632,2.60729,2.86865,0.183105,1.15967
27230.335,7.00543,-6.45956,2.62405,2.74658,0.366211,1.15967
27230.34,7.0198,-6.44998,2.61926,2.68555,0.244141,1.2207
27230.345,6.99825,-6.47153,2.59531,2.80762,0.183105,1.40381
27230.35,6.9791,-6.46195,2.59531,2.92969,0.183105,1.40381
27230.355,6.99107,-6.44759,2.6001,2.80762,0.0610352,1.40381
27230.36,6.9767,-6.43801,2.6025,2.99072,0.0,1.46484
27230.365,7.00065,-6.46434,2.61926,3.05176,0.0610352,1.52588
27230.37,7.00543,-6.45956,2.63123,2.99072,0.0,1.58691
27230.375,6.99586,-6.41885,2.6025,2.99072,0.0610352,1.64795
27230.38,6.98867,-6.45716,2.60729,2.92969,0.183105,1.95312
27230.385,6.98628,-6.50265,2.59531,3.05176,0.12207,1.89209
27230.39,6.98628,-6.44998,2.64559,3.17383,0.12207,1.64795
